Strike Hagan NormalHagan HaganDensity HaganUniformLV HaganLVHarmonic HaganLVBessel HaganLVCubic HaganLVHyman
0.0025 0.676 0.845 0.5610 0.5612 0.5613 0.5613 0.5613 0.5613
0.0050 0.559 0.626 0.4767 0.4770 0.4769 0.4769 0.4769 0.4769
0.0075 0.487 0.523 0.4240 0.4241 0.4241 0.4241 0.4241 0.4241
0.0100 0.434 0.455 0.3849 0.3850 0.3850 0.3850 0.3850 0.3850
0.0125 0.393 0.406 0.3538 0.3540 0.3538 0.3538 0.3538 0.3538
0.0150 0.359 0.367 0.3282 0.3283 0.3281 0.3281 0.3281 0.3281
0.0175 0.330 0.335 0.3065 0.3067 0.3065 0.3065 0.3065 0.3065
0.0200 0.306 0.309 0.2883 0.2883 0.2881 0.2881 0.2881 0.2881
0.0225 0.286 0.287 0.2729 0.2729 0.2727 0.2727 0.2727 0.2727
0.0250 0.269 NaN 0.2603 0.2602 0.2599 0.2599 0.2599 0.2599
0.0275 0.256 0.255 0.2501 0.2500 0.2498 0.2498 0.2498 0.2498
0.0300 0.245 0.245 0.2425 0.2423 0.2420 0.2420 0.2420 0.2420
0.0325 0.238 0.237 0.2370 0.2367 0.2365 0.2365 0.2365 0.2365
0.0350 0.233 0.233 0.2335 0.2330 0.2329 0.2329 0.2329 0.2329
0.0375 0.231 0.230 0.2315 0.2308 0.2308 0.2309 0.2308 0.2308
0.0400 0.230 0.230 0.2308 0.2298 0.2301 0.2301 0.2301 0.2301
0.0425 0.231 0.230 0.2310 0.2297 0.2302 0.2302 0.2302 0.2302
0.0450 0.232 0.232 0.2319 0.2300 0.2310 0.2311 0.2311 0.2311
0.0475 0.234 0.234 0.2333 0.2308 0.2324 0.2324 0.2324 0.2324
0.0500 0.237 0.237 0.2350 0.2317 0.2341 0.2340 0.2340 0.2340
0.0525 0.239 0.240 0.2369 0.2327 0.2359 0.2359 0.2359 0.2359
0.0550 0.242 0.243 0.2390 0.2337 0.2380 0.2380 0.2380 0.2380
0.0575 0.245 0.246 0.2412 0.2345 0.2401 0.2401 0.2401 0.2401
0.0600 0.248 0.250 0.2434 0.2352 0.2423 0.2424 0.2423 0.2423
0.0625 0.251 0.253 0.2457 0.2358 0.2446 0.2445 0.2446 0.2446
0.0650 0.254 0.256 0.2479 0.2361 0.2468 0.2468 0.2468 0.2468
0.0675 0.257 0.259 0.2502 0.2361 0.2490 0.2490 0.2490 0.2490
0.0700 0.260 0.263 0.2525 0.2358 0.2512 0.2512 0.2512 0.2512
0.0725 0.263 0.266 0.2546 0.2351 0.2534 0.2533 0.2534 0.2534
0.0750 0.265 0.269 0.2568 0.2341 0.2555 0.2555 0.2555 0.2555
0.0775 0.268 0.272 0.2590 0.2327 0.2576 0.2577 0.2576 0.2576
0.0800 0.271 0.275 0.2611 0.2307 0.2597 0.2597 0.2597 0.2597
0.0825 0.273 0.278 0.2631 0.2282 0.2618 0.2617 0.2617 0.2617
0.0850 0.276 0.281 0.2651 0.2249 0.2637 0.2637 0.2637 0.2637
0.0875 0.278 0.284 0.2671 0.2208 0.2657 0.2657 0.2657 0.2657
0.0900 0.281 0.287 0.2691 0.2155 0.2676 0.2676 0.2676 0.2676
0.0925 0.283 0.289 0.2709 0.2086 0.2695 0.2694 0.2694 0.2694
0.0950 0.286 0.292 0.2728 0.1990 0.2713 0.2712 0.2713 0.2713
0.0975 0.288 0.295 0.2746 0.1838 0.2731 0.2730 0.2731 0.2731
0.1000 0.290 0.297 0.2763 0.0643 0.2748 0.2748 0.2748 0.2748
0.1025 0.292 0.300 0.2781 NaN 0.2765 0.2765 0.2765 0.2765
0.1050 0.294 0.302 0.2798 NaN 0.2782 0.2782 0.2782 0.2782
0.1075 0.296 0.305 0.2815 NaN 0.2798 0.2799 0.2798 0.2798
0.1100 0.298 0.307 0.2831 NaN 0.2815 0.2814 0.2814 0.2814
0.1125 0.300 0.309 0.2846 NaN 0.2830 0.2830 0.2830 0.2830
0.1150 0.302 0.311 0.2862 NaN 0.2846 0.2845 0.2846 0.2846
0.1175 0.304 0.314 0.2877 NaN 0.2861 0.2860 0.2861 0.2861
0.1200 0.306 0.316 0.2892 NaN 0.2876 0.2875 0.2875 0.2875
0.1225 0.308 0.318 0.2907 NaN 0.2890 0.2890 0.2890 0.2890
0.1250 0.309 0.320 0.2921 NaN 0.2904 0.2905 0.2904 0.2904
0.1275 0.311 0.322 0.2936 NaN 0.2918 0.2919 0.2918 0.2918
0.1300 0.313 0.324 0.2949 NaN 0.2932 0.2932 0.2932 0.2932
0.1325 0.314 0.326 0.2963 NaN 0.2946 0.2945 0.2945 0.2945
0.1350 0.316 0.328 0.2976 NaN 0.2959 0.2958 0.2959 0.2959
0.1375 0.318 0.330 0.2989 NaN 0.2972 0.2971 0.2972 0.2972
0.1400 0.319 0.332 0.3002 NaN 0.2985 0.2984 0.2984 0.2984
0.1425 0.321 0.334 0.3014 NaN 0.2997 0.2996 0.2997 0.2997
0.1450 0.322 0.336 0.3027 NaN 0.3009 0.3009 0.3009 0.3009
0.1475 0.324 0.337 0.3039 NaN 0.3021 0.3021 0.3021 0.3021
0.1500 0.325 0.339 0.3051 NaN 0.3033 0.3033 0.3033 0.3033
0.1525 0.327 0.341 0.3063 NaN 0.3045 0.3045 0.3045 0.3045
0.1550 0.328 0.343 0.3075 NaN 0.3056 0.3057 0.3056 0.3056
0.1575 0.329 0.344 0.3086 NaN 0.3067 0.3068 0.3068 0.3068
0.1600 0.331 0.346 0.3097 NaN 0.3079 0.3079 0.3079 0.3079
0.1625 0.332 0.348 0.3108 NaN 0.3090 0.3089 0.3090 0.3090
0.1650 0.333 0.349 0.3119 NaN 0.3101 0.3100 0.3100 0.3100
0.1675 0.335 0.351 0.3130 NaN 0.3111 0.3110 0.3111 0.3111
0.1700 0.336 0.352 0.3140 NaN 0.3122 0.3121 0.3121 0.3121
0.1725 0.337 0.354 0.3151 NaN 0.3132 0.3131 0.3132 0.3132
0.1750 0.338 0.355 0.3161 NaN 0.3142 0.3141 0.3142 0.3142
0.1775 0.339 0.357 0.3171 NaN 0.3152 0.3151 0.3152 0.3152
0.1800 0.341 0.358 0.3180 NaN 0.3162 0.3161 0.3162 0.3162
0.1825 0.342 0.360 0.3190 NaN 0.3171 0.3171 0.3171 0.3171
0.1850 0.343 0.361 0.3200 NaN 0.3181 0.3181 0.3181 0.3181
0.1875 0.344 0.363 0.3209 NaN 0.3190 0.3191 0.3190 0.3190
0.1900 0.345 0.364 0.3219 NaN 0.3200 0.3200 0.3200 0.3200
0.1925 0.346 0.366 0.3228 NaN 0.3209 0.3209 0.3209 0.3209
0.1950 0.347 0.367 0.3237 NaN 0.3218 0.3218 0.3218 0.3218
0.1975 0.348 0.368 0.3247 NaN 0.3227 0.3227 0.3227 0.3227
0.2000 0.349 0.370 0.3256 NaN 0.3236 0.3236 0.3236 0.3236
0.2025 0.351 0.371 0.3264 NaN 0.3245 0.3244 0.3244 0.3244
0.2050 0.352 0.372 0.3273 NaN 0.3253 0.3253 0.3253 0.3253
0.2075 0.353 0.374 0.3281 NaN 0.3262 0.3261 0.3262 0.3262
0.2100 0.354 0.375 0.3290 NaN 0.3270 0.3269 0.3270 0.3270
0.2125 0.354 0.376 0.3298 NaN 0.3278 0.3277 0.3278 0.3278
0.2150 0.355 0.377 0.3306 NaN 0.3287 0.3285 0.3286 0.3286
0.2175 0.356 0.379 0.3314 NaN 0.3295 0.3294 0.3294 0.3294
0.2200 0.357 0.380 0.3322 NaN 0.3303 0.3302 0.3302 0.3302
0.2225 0.358 0.381 0.3330 NaN 0.3310 0.3309 0.3310 0.3310
0.2250 0.359 0.382 0.3338 NaN 0.3318 0.3317 0.3318 0.3318
0.2275 0.360 0.383 0.3345 NaN 0.3326 0.3325 0.3326 0.3326
0.2300 0.361 0.384 0.3353 NaN 0.3333 0.3333 0.3333 0.3333
0.2325 0.362 0.386 0.3360 NaN 0.3341 0.3341 0.3341 0.3341
0.2350 0.363 0.387 0.3368 NaN 0.3348 0.3348 0.3348 0.3348
0.2375 0.364 0.388 0.3375 NaN 0.3356 0.3356 0.3356 0.3356
0.2400 0.364 0.389 0.3383 NaN 0.3363 0.3363 0.3363 0.3363
0.2425 0.365 0.390 0.3390 NaN 0.3370 0.3370 0.3370 0.3370
0.2450 0.366 0.391 0.3397 NaN 0.3377 0.3378 0.3377 0.3377
0.2475 0.367 0.392 0.3404 NaN 0.3384 0.3385 0.3384 0.3384
0.2500 0.368 0.393 0.3412 NaN 0.3391 0.3392 0.3391 0.3391

