t F Q
1.0 -0.005025125628140704 0.0
1.0 0.005025125628140704 0.0
1.0 0.01507537688442211 0.0
1.0 0.02512562814070352 0.0
1.0 0.035175879396984924 0.0
1.0 0.04522613065326633 0.0
1.0 0.05527638190954774 0.0
1.0 0.06532663316582915 0.0
1.0 0.07537688442211056 0.0
1.0 0.08542713567839195 0.0
1.0 0.09547738693467336 0.0
1.0 0.10552763819095477 0.0
1.0 0.11557788944723618 0.0
1.0 0.12562814070351758 0.0
1.0 0.135678391959799 0.0
1.0 0.1457286432160804 0.0
1.0 0.15577889447236182 0.0
1.0 0.1658291457286432 0.0
1.0 0.17587939698492464 0.0
1.0 0.18592964824120603 0.0
1.0 0.19597989949748745 0.0
1.0 0.20603015075376885 0.0
1.0 0.21608040201005024 0.0
1.0 0.22613065326633167 0.0
1.0 0.23618090452261306 0.0
1.0 0.24623115577889448 0.0
1.0 0.2562814070351759 0.0
1.0 0.2663316582914573 0.0
1.0 0.2763819095477387 0.0
1.0 0.2864321608040201 0.0
1.0 0.2964824120603015 0.0
1.0 0.3065326633165829 0.0
1.0 0.3165829145728643 0.0
1.0 0.32663316582914576 0.0
1.0 0.33668341708542715 0.0
1.0 0.34673366834170855 0.0
1.0 0.35678391959798994 0.0
1.0 0.36683417085427134 0.0
1.0 0.3768844221105528 0.0
1.0 0.3869346733668342 0.0
1.0 0.3969849246231156 0.0
1.0 0.40703517587939697 0.0
1.0 0.4170854271356784 0.0
1.0 0.4271356783919598 0.0
1.0 0.4371859296482412 0.0
1.0 0.4472361809045226 0.0
1.0 0.457286432160804 0.0
1.0 0.46733668341708545 0.0
1.0 0.47738693467336685 0.0
1.0 0.48743718592964824 0.0
1.0 0.49748743718592964 0.0
1.0 0.507537688442211 0.0
1.0 0.5175879396984925 0.0
1.0 0.5276381909547738 0.0
1.0 0.5376884422110553 0.0
1.0 0.5477386934673367 0.0
1.0 0.5577889447236181 0.0
1.0 0.5678391959798995 0.0
1.0 0.577889447236181 0.0
1.0 0.5879396984924623 0.0
1.0 0.5979899497487438 0.0
1.0 0.6080402010050251 0.0
1.0 0.6180904522613065 0.0
1.0 0.628140703517588 0.0
1.0 0.6381909547738693 0.0
1.0 0.6482412060301508 0.0
1.0 0.6582914572864321 0.0
1.0 0.6683417085427136 0.0
1.0 0.678391959798995 0.0
1.0 0.6884422110552764 0.0
1.0 0.6984924623115578 0.0
1.0 0.7085427135678392 0.0
1.0 0.7185929648241206 0.0
1.0 0.7286432160804021 0.0
1.0 0.7386934673366834 0.0
1.0 0.7487437185929648 0.0
1.0 0.7587939698492463 0.0
1.0 0.7688442211055276 0.0
1.0 0.7788944723618091 0.0
1.0 0.7889447236180904 0.0
1.0 0.7989949748743719 0.0
1.0 0.8090452261306533 0.0
1.0 0.8190954773869347 0.0
1.0 0.8291457286432161 0.0
1.0 0.8391959798994975 0.0
1.0 0.8492462311557789 0.0
1.0 0.8592964824120604 0.0
1.0 0.8693467336683417 0.0
1.0 0.8793969849246231 0.0
1.0 0.8894472361809045 0.0
1.0 0.8994974874371859 0.0
1.0 0.9095477386934674 0.0
1.0 0.9195979899497487 0.0
1.0 0.9296482412060302 0.0
1.0 0.9396984924623115 0.0
1.0 0.949748743718593 0.0
1.0 0.9597989949748744 0.0
1.0 0.9698492462311558 0.0
1.0 0.9798994974874372 0.0
1.0 0.9899497487437187 0.0
1.0 1.0 99.5
1.0 1.0100502512562815 0.0
1.0 1.020100502512563 0.0
1.0 1.0301507537688441 0.0
1.0 1.0402010050251256 0.0
1.0 1.050251256281407 0.0
1.0 1.0603015075376885 0.0
1.0 1.07035175879397 0.0
1.0 1.0804020100502514 0.0
1.0 1.0904522613065326 0.0
1.0 1.100502512562814 0.0
1.0 1.1105527638190955 0.0
1.0 1.120603015075377 0.0
1.0 1.1306532663316584 0.0
1.0 1.1407035175879396 0.0
1.0 1.150753768844221 0.0
1.0 1.1608040201005025 0.0
1.0 1.170854271356784 0.0
1.0 1.1809045226130654 0.0
1.0 1.1909547738693467 0.0
1.0 1.2010050251256281 0.0
1.0 1.2110552763819096 0.0
1.0 1.221105527638191 0.0
1.0 1.2311557788944725 0.0
1.0 1.2412060301507537 0.0
1.0 1.2512562814070352 0.0
1.0 1.2613065326633166 0.0
1.0 1.271356783919598 0.0
1.0 1.2814070351758795 0.0
1.0 1.2914572864321607 0.0
1.0 1.3015075376884422 0.0
1.0 1.3115577889447236 0.0
1.0 1.321608040201005 0.0
1.0 1.3316582914572865 0.0
1.0 1.3417085427135678 0.0
1.0 1.3517587939698492 0.0
1.0 1.3618090452261307 0.0
1.0 1.3718592964824121 0.0
1.0 1.3819095477386936 0.0
1.0 1.3919597989949748 0.0
1.0 1.4020100502512562 0.0
1.0 1.4120603015075377 0.0
1.0 1.4221105527638191 0.0
1.0 1.4321608040201006 0.0
1.0 1.4422110552763818 0.0
1.0 1.4522613065326633 0.0
1.0 1.4623115577889447 0.0
1.0 1.4723618090452262 0.0
1.0 1.4824120603015076 0.0
1.0 1.4924623115577889 0.0
1.0 1.5025125628140703 0.0
1.0 1.5125628140703518 0.0
1.0 1.5226130653266332 0.0
1.0 1.5326633165829147 0.0
1.0 1.542713567839196 0.0
1.0 1.5527638190954773 0.0
1.0 1.5628140703517588 0.0
1.0 1.5728643216080402 0.0
1.0 1.5829145728643217 0.0
1.0 1.5929648241206031 0.0
1.0 1.6030150753768844 0.0
1.0 1.6130653266331658 0.0
1.0 1.6231155778894473 0.0
1.0 1.6331658291457287 0.0
1.0 1.6432160804020102 0.0
1.0 1.6532663316582914 0.0
1.0 1.6633165829145728 0.0
1.0 1.6733668341708543 0.0
1.0 1.6834170854271358 0.0
1.0 1.6934673366834172 0.0
1.0 1.7035175879396984 0.0
1.0 1.7135678391959799 0.0
1.0 1.7236180904522613 0.0
1.0 1.7336683417085428 0.0
1.0 1.7437185929648242 0.0
1.0 1.7537688442211055 0.0
1.0 1.763819095477387 0.0
1.0 1.7738693467336684 0.0
1.0 1.7839195979899498 0.0
1.0 1.7939698492462313 0.0
1.0 1.8040201005025125 0.0
1.0 1.814070351758794 0.0
1.0 1.8241206030150754 0.0
1.0 1.8341708542713568 0.0
1.0 1.8442211055276383 0.0
1.0 1.8542713567839195 0.0
1.0 1.864321608040201 0.0
1.0 1.8743718592964824 0.0
1.0 1.8844221105527639 0.0
1.0 1.8944723618090453 0.0
1.0 1.9045226130653266 0.0
1.0 1.914572864321608 0.0
1.0 1.9246231155778895 0.0
1.0 1.934673366834171 0.0
1.0 1.9447236180904524 0.0
1.0 1.9547738693467338 0.0
1.0 1.964824120603015 0.0
1.0 1.9748743718592965 0.0
1.0 1.984924623115578 0.0
1.0 1.9949748743718594 0.0
1.0 2.0050251256281406 0.0
1.0 2.0150753768844223 0.0
1.0 2.0251256281407035 0.0
1.0 2.0351758793969847 0.0
1.0 2.0452261306532664 0.0
1.0 2.0552763819095476 0.0
1.0 2.0653266331658293 0.0
1.0 2.0753768844221105 0.0
1.0 2.0854271356783918 0.0
1.0 2.0954773869346734 0.0
1.0 2.1055276381909547 0.0
1.0 2.1155778894472363 0.0
1.0 2.1256281407035176 0.0
1.0 2.135678391959799 0.0
1.0 2.1457286432160805 0.0
1.0 2.1557788944723617 0.0
1.0 2.1658291457286434 0.0
1.0 2.1758793969849246 0.0
1.0 2.1859296482412063 0.0
1.0 2.1959798994974875 0.0
1.0 2.2060301507537687 0.0
1.0 2.2160804020100504 0.0
1.0 2.2261306532663316 0.0
1.0 2.2361809045226133 0.0
1.0 2.2462311557788945 0.0
1.0 2.2562814070351758 0.0
1.0 2.2663316582914574 0.0
1.0 2.2763819095477387 0.0
1.0 2.2864321608040203 0.0
1.0 2.2964824120603016 0.0
1.0 2.306532663316583 0.0
1.0 2.3165829145728645 0.0
1.0 2.3266331658291457 0.0
1.0 2.3366834170854274 0.0
1.0 2.3467336683417086 0.0
1.0 2.35678391959799 0.0
1.0 2.3668341708542715 0.0
1.0 2.3768844221105527 0.0
1.0 2.3869346733668344 0.0
1.0 2.3969849246231156 0.0
1.0 2.407035175879397 0.0
1.0 2.4170854271356785 0.0
1.0 2.4271356783919598 0.0
1.0 2.4371859296482414 0.0
1.0 2.4472361809045227 0.0
1.0 2.457286432160804 0.0
1.0 2.4673366834170856 0.0
1.0 2.477386934673367 0.0
1.0 2.4874371859296485 0.0
1.0 2.4974874371859297 0.0
1.0 2.507537688442211 0.0
1.0 2.5175879396984926 0.0
1.0 2.527638190954774 0.0
1.0 2.5376884422110555 0.0
1.0 2.5477386934673367 0.0
1.0 2.557788944723618 0.0
1.0 2.5678391959798996 0.0
1.0 2.577889447236181 0.0
1.0 2.5879396984924625 0.0
1.0 2.5979899497487438 0.0
1.0 2.608040201005025 0.0
1.0 2.6180904522613067 0.0
1.0 2.628140703517588 0.0
1.0 2.6381909547738696 0.0
1.0 2.648241206030151 0.0
1.0 2.658291457286432 0.0
1.0 2.6683417085427137 0.0
1.0 2.678391959798995 0.0
1.0 2.6884422110552766 0.0
1.0 2.698492462311558 0.0
1.0 2.708542713567839 0.0
1.0 2.7185929648241207 0.0
1.0 2.728643216080402 0.0
1.0 2.7386934673366836 0.0
1.0 2.748743718592965 0.0
1.0 2.758793969849246 0.0
1.0 2.7688442211055277 0.0
1.0 2.778894472361809 0.0
1.0 2.7889447236180906 0.0
1.0 2.798994974874372 0.0
1.0 2.809045226130653 0.0
1.0 2.819095477386935 0.0
1.0 2.829145728643216 0.0
1.0 2.8391959798994977 0.0
1.0 2.849246231155779 0.0
1.0 2.85929648241206 0.0
1.0 2.869346733668342 0.0
1.0 2.879396984924623 0.0
1.0 2.8894472361809047 0.0
1.0 2.899497487437186 0.0
1.0 2.909547738693467 0.0
1.0 2.919597989949749 0.0
1.0 2.92964824120603 0.0
1.0 2.9396984924623117 0.0
1.0 2.949748743718593 0.0
1.0 2.959798994974874 0.0
1.0 2.969849246231156 0.0
1.0 2.979899497487437 0.0
1.0 2.9899497487437188 0.0
1.0 3.0 0.0
1.0 3.0100502512562817 0.0
1.0 3.020100502512563 0.0
1.0 3.030150753768844 0.0
1.0 3.040201005025126 0.0
1.0 3.050251256281407 0.0
1.0 3.0603015075376887 0.0
1.0 3.07035175879397 0.0
1.0 3.080402010050251 0.0
1.0 3.090452261306533 0.0
1.0 3.100502512562814 0.0
1.0 3.1105527638190957 0.0
1.0 3.120603015075377 0.0
1.0 3.130653266331658 0.0
1.0 3.14070351758794 0.0
1.0 3.150753768844221 0.0
1.0 3.1608040201005028 0.0
1.0 3.170854271356784 0.0
1.0 3.180904522613065 0.0
1.0 3.190954773869347 0.0
1.0 3.201005025125628 0.0
1.0 3.21105527638191 0.0
1.0 3.221105527638191 0.0
1.0 3.2311557788944723 0.0
1.0 3.241206030150754 0.0
1.0 3.251256281407035 0.0
1.0 3.261306532663317 0.0
1.0 3.271356783919598 0.0
1.0 3.2814070351758793 0.0
1.0 3.291457286432161 0.0
1.0 3.301507537688442 0.0
1.0 3.311557788944724 0.0
1.0 3.321608040201005 0.0
1.0 3.3316582914572863 0.0
1.0 3.341708542713568 0.0
1.0 3.351758793969849 0.0
1.0 3.361809045226131 0.0
1.0 3.371859296482412 0.0
1.0 3.3819095477386933 0.0
1.0 3.391959798994975 0.0
1.0 3.4020100502512562 0.0
1.0 3.412060301507538 0.0
1.0 3.422110552763819 0.0
1.0 3.4321608040201004 0.0
1.0 3.442211055276382 0.0
1.0 3.4522613065326633 0.0
1.0 3.462311557788945 0.0
1.0 3.472361809045226 0.0
1.0 3.4824120603015074 0.0
1.0 3.492462311557789 0.0
1.0 3.5025125628140703 0.0
1.0 3.512562814070352 0.0
1.0 3.522613065326633 0.0
1.0 3.5326633165829144 0.0
1.0 3.542713567839196 0.0
1.0 3.5527638190954773 0.0
1.0 3.562814070351759 0.0
1.0 3.5728643216080402 0.0
1.0 3.5829145728643215 0.0
1.0 3.592964824120603 0.0
1.0 3.6030150753768844 0.0
1.0 3.613065326633166 0.0
1.0 3.6231155778894473 0.0
1.0 3.6331658291457285 0.0
1.0 3.64321608040201 0.0
1.0 3.6532663316582914 0.0
1.0 3.663316582914573 0.0
1.0 3.6733668341708543 0.0
1.0 3.6834170854271355 0.0
1.0 3.693467336683417 0.0
1.0 3.7035175879396984 0.0
1.0 3.71356783919598 0.0
1.0 3.7236180904522613 0.0
1.0 3.7336683417085426 0.0
1.0 3.7437185929648242 0.0
1.0 3.7537688442211055 0.0
1.0 3.763819095477387 0.0
1.0 3.7738693467336684 0.0
1.0 3.7839195979899496 0.0
1.0 3.7939698492462313 0.0
1.0 3.8040201005025125 0.0
1.0 3.814070351758794 0.0
1.0 3.8241206030150754 0.0
1.0 3.8341708542713566 0.0
1.0 3.8442211055276383 0.0
1.0 3.8542713567839195 0.0
1.0 3.864321608040201 0.0
1.0 3.8743718592964824 0.0
1.0 3.884422110552764 0.0
1.0 3.8944723618090453 0.0
1.0 3.9045226130653266 0.0
1.0 3.9145728643216082 0.0
1.0 3.9246231155778895 0.0
1.0 3.934673366834171 0.0
1.0 3.9447236180904524 0.0
1.0 3.9547738693467336 0.0
1.0 3.9648241206030153 0.0
1.0 3.9748743718592965 0.0
1.0 3.984924623115578 0.0
1.0 3.9949748743718594 0.0
1.0 4.005025125628141 0.0
1.0 4.015075376884422 0.0
1.0 4.025125628140704 0.0
1.0 4.035175879396985 0.0
1.0 4.045226130653266 0.0
1.0 4.055276381909548 0.0
1.0 4.065326633165829 0.0
1.0 4.075376884422111 0.0
1.0 4.085427135678392 0.0
1.0 4.0954773869346734 0.0
1.0 4.105527638190955 0.0
1.0 4.115577889447236 0.0
1.0 4.125628140703518 0.0
1.0 4.135678391959799 0.0
1.0 4.1457286432160805 0.0
1.0 4.155778894472362 0.0
1.0 4.165829145728643 0.0
1.0 4.175879396984925 0.0
1.0 4.185929648241206 0.0
1.0 4.1959798994974875 0.0
1.0 4.206030150753769 0.0
1.0 4.21608040201005 0.0
1.0 4.226130653266332 0.0
1.0 4.236180904522613 0.0
1.0 4.2462311557788945 0.0
1.0 4.256281407035176 0.0
1.0 4.266331658291457 0.0
1.0 4.276381909547739 0.0
1.0 4.28643216080402 0.0
1.0 4.296482412060302 0.0
1.0 4.306532663316583 0.0
1.0 4.316582914572864 0.0
1.0 4.326633165829146 0.0
1.0 4.336683417085427 0.0
1.0 4.346733668341709 0.0
1.0 4.35678391959799 0.0
1.0 4.366834170854271 0.0
1.0 4.376884422110553 0.0
1.0 4.386934673366834 0.0
1.0 4.396984924623116 0.0
1.0 4.407035175879397 0.0
1.0 4.417085427135678 0.0
1.0 4.42713567839196 0.0
1.0 4.437185929648241 0.0
1.0 4.447236180904523 0.0
1.0 4.457286432160804 0.0
1.0 4.467336683417085 0.0
1.0 4.477386934673367 0.0
1.0 4.4874371859296485 0.0
1.0 4.49748743718593 0.0
1.0 4.507537688442211 0.0
1.0 4.517587939698492 0.0
1.0 4.527638190954774 0.0
1.0 4.5376884422110555 0.0
1.0 4.547738693467337 0.0
1.0 4.557788944723618 0.0
1.0 4.567839195979899 0.0
1.0 4.577889447236181 0.0
1.0 4.5879396984924625 0.0
1.0 4.597989949748744 0.0
1.0 4.608040201005025 0.0
1.0 4.618090452261306 0.0
1.0 4.628140703517588 0.0
1.0 4.63819095477387 0.0
1.0 4.648241206030151 0.0
1.0 4.658291457286432 0.0
1.0 4.668341708542713 0.0
1.0 4.678391959798995 0.0
1.0 4.688442211055277 0.0
1.0 4.698492462311558 0.0
1.0 4.708542713567839 0.0
1.0 4.71859296482412 0.0
1.0 4.728643216080402 0.0
1.0 4.738693467336684 0.0
1.0 4.748743718592965 0.0
1.0 4.758793969849246 0.0
1.0 4.768844221105527 0.0
1.0 4.778894472361809 0.0
1.0 4.788944723618091 0.0
1.0 4.798994974874372 0.0
1.0 4.809045226130653 0.0
1.0 4.819095477386934 0.0
1.0 4.8291457286432165 0.0
1.0 4.839195979899498 0.0
1.0 4.849246231155779 0.0
1.0 4.85929648241206 0.0
1.0 4.869346733668341 0.0
1.0 4.8793969849246235 0.0
1.0 4.889447236180905 0.0
1.0 4.899497487437186 0.0
1.0 4.909547738693467 0.0
1.0 4.919597989949748 0.0
1.0 4.9296482412060305 0.0
1.0 4.939698492462312 0.0
1.0 4.949748743718593 0.0
1.0 4.959798994974874 0.0
1.0 4.969849246231155 0.0
1.0 4.9798994974874375 0.0
1.0 4.989949748743719 0.0
1.0 5.0 0.0
1.0 5.010050251256281 0.0

0.9 -0.005025125628140704 -3.032569329788071E-6
0.9 0.005025125628140704 3.032569329788071E-6
0.9 0.01507537688442211 5.565054157575781E-6
0.9 0.02512562814070352 7.599473527350385E-6
0.9 0.035175879396984924 9.525795696037331E-6
0.9 0.04522613065326633 1.146729645060443E-5
0.9 0.05527638190954774 1.3490836634356643E-5
0.9 0.06532663316582915 1.564415412909834E-5
0.9 0.07537688442211056 1.7967737052878365E-5
0.9 0.08542713567839195 2.0499887222606036E-5
0.9 0.09547738693467336 2.3279391221893672E-5
0.9 0.10552763819095477 2.6347217086007973E-5
0.9 0.11557788944723618 2.9747789603947688E-5
0.9 0.12562814070351758 3.35300945256267E-5
0.9 0.135678391959799 3.774874120814957E-5
0.9 0.1457286432160804 4.246506072392661E-5
0.9 0.15577889447236182 4.7748292678892126E-5
0.9 0.1658291457286432 5.367690359775753E-5
0.9 0.17587939698492464 6.034007623250124E-5
0.9 0.18592964824120603 6.783940962859965E-5
0.9 0.19597989949748745 7.629087290161105E-5
0.9 0.20603015075376885 8.582706084200678E-5
0.9 0.21608040201005024 9.65998064718417E-5
0.9 0.22613065326633167 1.0878321453790437E-4
0.9 0.23618090452261306 1.2257719080351688E-4
0.9 0.24623115577889448 1.3821155516980903E-4
0.9 0.2562814070351759 1.5595084249496832E-4
0.9 0.2663316582914573 1.7609991397051774E-4
0.9 0.2763819095477387 1.9901052465852011E-4
0.9 0.2864321608040201 2.2508902003027075E-4
0.9 0.2964824120603015 2.5480536697451326E-4
0.9 0.3065326633165829 2.8870376385422723E-4
0.9 0.3165829145728643 3.2741512111244425E-4
0.9 0.32663316582914576 3.716717602701776E-4
0.9 0.33668341708542715 4.2232474687921236E-4
0.9 0.34673366834170855 4.8036435446493304E-4
0.9 0.35678391959798994 5.469442546065572E-4
0.9 0.36683417085427134 6.234101465640076E-4
0.9 0.3768844221105528 7.113336825411549E-4
0.9 0.3869346733668342 8.125527169683004E-4
0.9 0.3969849246231156 9.292191164134276E-4
0.9 0.40703517587939697 0.0010638556185854247
0.9 0.4170854271356784 0.0012194235337371362
0.9 0.4271356783919598 0.001399403451007055
0.9 0.4371859296482412 0.001607891559718405
0.9 0.4472361809045226 0.0018497147382379065
0.9 0.457286432160804 0.002130568221159609
0.9 0.46733668341708545 0.002457180454169641
0.9 0.47738693467336685 0.002837510715075201
0.9 0.48743718592964824 0.0032809862555641537
0.9 0.49748743718592964 0.003798787145246212
0.9 0.507537688442211 0.00440418873028852
0.9 0.5175879396984925 0.005112973716884964
0.9 0.5276381909547738 0.005943928430537941
0.9 0.5376884422110553 0.006919440875454199
0.9 0.5477386934673367 0.008066221930045778
0.9 0.5577889447236181 0.0094161754881223
0.9 0.5678391959798995 0.011007448733495006
0.9 0.577889447236181 0.012885700180608856
0.9 0.5879396984924623 0.015105630806288744
0.9 0.5979899497487438 0.01773283273364113
0.9 0.6080402010050251 0.02084602071216097
0.9 0.6180904522613065 0.024539724265828483
0.9 0.628140703517588 0.028927533022476033
0.9 0.6381909547738693 0.03414600449698679
0.9 0.6482412060301508 0.04035936246070977
0.9 0.6582914572864321 0.04776513476639549
0.9 0.6683417085427136 0.056600901556505094
0.9 0.678391959798995 0.06715234709188096
0.9 0.6884422110552764 0.07976282914661523
0.9 0.6984924623115578 0.09484469601670115
0.9 0.7085427135678392 0.11289258799239031
0.9 0.7185929648241206 0.1344989505310473
0.9 0.7286432160804021 0.16037194977980282
0.9 0.7386934673366834 0.19135590214066261
0.9 0.7487437185929648 0.22845418612876606
0.9 0.7587939698492463 0.27285436548439257
0.9 0.7688442211055276 0.32595487340626245
0.9 0.7788944723618091 0.38939202795174055
0.9 0.7889447236180904 0.4650652845431296
0.9 0.7989949748743719 0.5551573697354482
0.9 0.8090452261306533 0.6621441286759481
0.9 0.8190954773869347 0.7887863547664367
0.9 0.8291457286432161 0.9380922882897433
0.9 0.8391959798994975 1.1132345264205052
0.9 0.8492462311557789 1.3173983382762349
0.9 0.8592964824120604 1.5535292668773655
0.9 0.8693467336683417 1.823935729141829
0.9 0.8793969849246231 2.129686242088246
0.9 0.8894472361809045 2.469719880389367
0.9 0.8994974874371859 2.839561393040994
0.9 0.9095477386934674 3.2294976718537156
0.9 0.9195979899497487 3.622028389857061
0.9 0.9296482412060302 3.9883488812495123
0.9 0.9396984924623115 4.283555883448905
0.9 0.949748743718593 4.440184747652635
0.9 0.9597989949748744 4.359588364209404
0.9 0.9698492462311558 3.9005517619630803
0.9 0.9798994974874372 2.8644008939031407
0.9 0.9899497487437187 0.97570878892392
0.9 1.0 -2.142473030901517
0.9 1.0100502512562815 0.978481649676257
0.9 1.020100502512563 2.873939351594114
0.9 1.0301507537688441 3.9169508254544136
0.9 1.0402010050251256 4.381063812852103
0.9 1.050251256281407 4.464331213928144
0.9 1.0603015075376885 4.308064007257181
0.9 1.07035175879397 4.011356785082224
0.9 1.0804020100502514 3.642240764506517
0.9 1.0904522613065326 3.2461691247899855
0.9 1.100502512562814 2.8524106640856575
0.9 1.1105527638190955 2.4788181688751565
0.9 1.120603015075377 2.1353456164639018
0.9 1.1306532663316584 1.8266114571557606
0.9 1.1407035175879396 1.5537418593929238
0.9 1.150753768844221 1.3156761357137947
0.9 1.1608040201005025 1.1100748962808362
0.9 1.170854271356784 0.9339382312719059
0.9 1.1809045226130654 0.784014987658767
0.9 1.1909547738693467 0.6570637260941202
0.9 1.2010050251256281 0.5500101300259783
0.9 1.2110552763819096 0.46003356105999726
0.9 1.221105527638191 0.3846063304002765
0.9 1.2311557788944725 0.3215024399442592
0.9 1.2412060301507537 0.2687875124603298
0.9 1.2512562814070352 0.2247979563556579
0.9 1.2613065326633166 0.18811476299511837
0.9 1.271356783919598 0.15753545262567867
0.9 1.2814070351758795 0.13204636762057548
0.9 1.2914572864321607 0.11079660579809825
0.9 1.3015075376884422 0.09307427666424414
0.9 1.3115577889447236 0.07828536375942763
0.9 1.321608040201005 0.0659352237356713
0.9 1.3316582914572865 0.05561260146853544
0.9 1.3417085427135678 0.046975957467753626
0.9 1.3517587939698492 0.039741865734432384
0.9 1.3618090452261307 0.033675230694865464
0.9 1.3718592964824121 0.02858107969132582
0.9 1.3819095477386936 0.0242977051475721
0.9 1.3919597989949748 0.02069095295090393
0.9 1.4020100502512562 0.017649477603740013
0.9 1.4120603015075377 0.015080808333533757
0.9 1.4221105527638191 0.012908092483342796
0.9 1.4321608040201006 0.011067402561225773
0.9 1.4422110552763818 0.009505511083861544
0.9 1.4522613065326633 0.008178052806250492
0.9 1.4623115577889447 0.007048007210409668
0.9 1.4723618090452262 0.006084445424031011
0.9 1.4824120603015076 0.005261495275734145
0.9 1.4924623115577889 0.004557486191448408
0.9 1.5025125628140703 0.003954242311066559
0.9 1.5125628140703518 0.0034364977524682185
0.9 1.5226130653266332 0.002991412546728657
0.9 1.5326633165829147 0.002608171567220415
0.9 1.542713567839196 0.0022776519085878208
0.9 1.5527638190954773 0.0019921467518767095
0.9 1.5628140703517588 0.00174513587457706
0.9 1.5728643216080402 0.0015310947087828382
0.9 1.5829145728643217 0.0013453352836472054
0.9 1.5929648241206031 0.0011838735650782032
0.9 1.6030150753768844 0.0010433186719050014
0.9 1.6130653266331658 9.207802412729508E-4
0.9 1.6231155778894473 8.137908678500067E-4
0.9 1.6331658291457287 7.20241077063556E-4
0.9 1.6432160804020102 6.383247329731274E-4
0.9 1.6532663316582914 5.664931436838135E-4
0.9 1.6633165829145728 5.034164254767549E-4
0.9 1.6733668341708543 4.47950932587484E-4
0.9 1.6834170854271358 3.991117622226826E-4
0.9 1.6934673366834172 3.5604951168323766E-4
0.9 1.7035175879396984 3.180306026695302E-4
0.9 1.7135678391959799 2.8442060215301654E-4
0.9 1.7236180904522613 2.546700638405788E-4
0.9 1.7336683417085428 2.2830249270486809E-4
0.9 1.7437185929648242 2.0490410015036386E-4
0.9 1.7537688442211055 1.8411507146592483E-4
0.9 1.763819095477387 1.6562211219745256E-4
0.9 1.7738693467336684 1.4915207753457907E-4
0.9 1.7839195979899498 1.3446652003903353E-4
0.9 1.7939698492462313 1.213570171165811E-4
0.9 1.8040201005025125 1.0964116142843731E-4
0.9 1.814070351758794 9.915911567722987E-5
0.9 1.8241206030150754 8.977064848586385E-5
0.9 1.8341708542713568 8.135258091017923E-5
0.9 1.8442211055276383 7.379658389783248E-5
0.9 1.8542713567839195 6.700727606583194E-5
0.9 1.864321608040201 6.090057879915587E-5
0.9 1.8743718592964824 5.540229210666611E-5
0.9 1.8844221105527639 5.0446860102426074E-5
0.9 1.8944723618090453 4.5976299572291915E-5
0.9 1.9045226130653266 4.193926897202816E-5
0.9 1.914572864321608 3.829025849663978E-5
0.9 1.9246231155778895 3.4988884655007084E-5
0.9 1.934673366834171 3.199927515777604E-5
0.9 1.9447236180904524 2.9289531945538254E-5
0.9 1.9547738693467338 2.683126190371868E-5
0.9 1.964824120603015 2.4599166276524443E-5
0.9 1.9748743718592965 2.2570681043634542E-5
0.9 1.984924623115578 2.0725661592709398E-5
0.9 1.9949748743718594 1.9046105935788547E-5
0.9 2.0050251256281406 1.7515911501429535E-5
0.9 2.0150753768844223 1.612066120660387E-5
0.9 2.0251256281407035 1.4847435089463652E-5
0.9 2.0351758793969847 1.368464428012646E-5
0.9 2.0452261306532664 1.2621884513461711E-5
0.9 2.0552763819095476 1.164980675555839E-5
0.9 2.0653266331658293 1.0760002832651862E-5
0.9 2.0753768844221105 9.944904225048419E-6
0.9 2.0854271356783918 9.197692425183822E-6
0.9 2.0954773869346734 8.512219463651586E-6
0.9 2.1055276381909547 7.882937384323046E-6
0.9 2.1155778894472363 7.304835603385891E-6
0.9 2.1256281407035176 6.7733852205254226E-6
0.9 2.135678391959799 6.284489466363073E-6
0.9 2.1457286432160805 5.834439571049658E-6
0.9 2.1557788944723617 5.419875426643194E-6
0.9 2.1658291457286434 5.037750492347477E-6
0.9 2.1758793969849246 4.6853004583658145E-6
0.9 2.1859296482412063 4.360015242337541E-6
0.9 2.1959798994974875 4.0596139431973895E-6
0.9 2.2060301507537687 3.782022421796031E-6
0.9 2.2160804020100504 3.5253532165801226E-6
0.9 2.2261306532663316 3.287887536772016E-6
0.9 2.2361809045226133 3.068059105436305E-6
0.9 2.2462311557788945 2.864439651112009E-6
0.9 2.2562814070351758 2.675725869791492E-6
0.9 2.2663316582914574 2.5007276993458053E-6
0.9 2.2763819095477387 2.3383577663812604E-6
0.9 2.2864321608040203 2.187621881269303E-6
0.9 2.2964824120603016 2.0476104709858415E-6
0.9 2.306532663316583 1.9174908516577056E-6
0.9 2.3165829145728645 1.7965002535440048E-6
0.9 2.3266331658291457 1.6839395207534494E-6
0.9 2.3366834170854274 1.5791674164681246E-6
0.9 2.3467336683417086 1.4815954719432442E-6
0.9 2.35678391959799 1.3906833241970363E-6
0.9 2.3668341708542715 1.3059344931977726E-6
0.9 2.3768844221105527 1.2268925545845655E-6
0.9 2.3869346733668344 1.1531376686035606E-6
0.9 2.3969849246231156 1.0842834300698493E-6
0.9 2.407035175879397 1.01997400783798E-6
0.9 2.4170854271356785 9.59881545533298E-7
0.9 2.4271356783919598 9.037037982087434E-7
0.9 2.4371859296482414 8.511619821881656E-7
0.9 2.4472361809045227 8.019988176736039E-7
0.9 2.457286432160804 7.559767457619316E-7
0.9 2.4673366834170856 7.128763033638326E-7
0.9 2.477386934673367 6.724946411698083E-7
0.9 2.4874371859296485 6.346441712856254E-7
0.9 2.4974874371859297 5.991513324825663E-7
0.9 2.507537688442211 5.658554621929614E-7
0.9 2.5175879396984926 5.346077654439368E-7
0.9 2.527638190954774 5.0527037187534E-7
0.9 2.5376884422110555 4.777154728432893E-7
0.9 2.5477386934673367 4.518245313791983E-7
0.9 2.557788944723618 4.2748755846473014E-7
0.9 2.5678391959798996 4.0460244970427857E-7
0.9 2.577889447236181 3.8307437703548454E-7
0.9 2.5879396984924625 3.6281523062163454E-7
0.9 2.5979899497487438 3.43743106523274E-7
0.9 2.608040201005025 3.2578183615522057E-7
0.9 2.6180904522613067 3.088605539040018E-7
0.9 2.628140703517588 2.9291329961365816E-7
0.9 2.6381909547738696 2.7787865294853733E-7
0.9 2.648241206030151 2.636993969134376E-7
0.9 2.658291457286432 2.5032220805715413E-7
0.9 2.6683417085427137 2.376973711077767E-7
0.9 2.678391959798995 2.2577851598931226E-7
0.9 2.6884422110552766 2.1452237535146433E-7
0.9 2.698492462311558 2.038885609095771E-7
0.9 2.708542713567839 1.9383935704151228E-7
0.9 2.7185929648241207 1.8433953022410325E-7
0.9 2.728643216080402 1.7535615301516075E-7
0.9 2.7386934673366836 1.6685844139901452E-7
0.9 2.748743718592965 1.5881760441535558E-7
0.9 2.758793969849246 1.5120670508367108E-7
0.9 2.7688442211055277 1.4400053171973624E-7
0.9 2.778894472361809 1.3717547881722008E-7
0.9 2.7889447236180906 1.3070943673720798E-7
0.9 2.798994974874372 1.2458168951197933E-7
0.9 2.809045226130653 1.187728201272862E-7
0.9 2.819095477386935 1.1326462270018165E-7
0.9 2.829145728643216 1.0804002101762545E-7
0.9 2.8391959798994977 1.0308299294505973E-7
0.9 2.849246231155779 9.837850025430692E-8
0.9 2.85929648241206 9.3912423456825E-8
0.9 2.869346733668342 8.967150126188573E-8
0.9 2.879396984924623 8.564327430990796E-8
0.9 2.8894472361809047 8.181603285922875E-8
0.9 2.899497487437186 7.817876813027391E-8
0.9 2.909547738693467 7.472112703460062E-8
0.9 2.919597989949749 7.143337003782649E-8
0.9 2.92964824120603 6.830633192519838E-8
0.9 2.9396984924623117 6.533138525665986E-8
0.9 2.949748743718593 6.250040631487494E-8
0.9 2.959798994974874 5.980574336490936E-8
0.9 2.969849246231156 5.7240187058255596E-8
0.9 2.979899497487437 5.479694282674048E-8
0.9 2.9899497487437188 5.246960512365724E-8
0.9 3.0 5.025213338032065E-8
0.9 3.0100502512562817 4.813882955621941E-8
0.9 3.020100502512563 4.612431717012671E-8
0.9 3.030150753768844 4.420352170797556E-8
0.9 3.040201005025126 4.237165231108934E-8
0.9 3.050251256281407 4.062418465552187E-8
0.9 3.0603015075376887 3.8956844939865395E-8
0.9 3.07035175879397 3.7365594904972E-8
0.9 3.080402010050251 3.5846617814646104E-8
0.9 3.090452261306533 3.439630533154342E-8
0.9 3.100502512562814 3.3011245227290795E-8
0.9 3.1105527638190957 3.16882098702518E-8
0.9 3.120603015075377 3.042414543843719E-8
0.9 3.130653266331658 2.9216161808822686E-8
0.9 3.14070351758794 2.8061523077815494E-8
0.9 3.150753768844221 2.6957638670826178E-8
0.9 3.1608040201005028 2.5902055001877012E-8
0.9 3.170854271356784 2.489244764693014E-8
0.9 3.180904522613065 2.3926613997164497E-8
0.9 3.190954773869347 2.3002466360789425E-8
0.9 3.201005025125628 2.2118025484166357E-8
0.9 3.21105527638191 2.1271414465032207E-8
0.9 3.221105527638191 2.0460853032494887E-8
0.9 3.2311557788944723 1.9684652170208103E-8
0.9 3.241206030150754 1.8941209060745505E-8
0.9 3.251256281407035 1.8229002330689893E-8
0.9 3.261306532663317 1.7546587577340862E-8
0.9 3.271356783919598 1.689259315923279E-8
0.9 3.2814070351758793 1.6265716233851672E-8
0.9 3.291457286432161 1.566471902705071E-8
0.9 3.301507537688442 1.5088425319697044E-8
0.9 3.311557788944724 1.4535717138042426E-8
0.9 3.321608040201005 1.4005531635202679E-8
0.9 3.3316582914572863 1.3496858151961209E-8
0.9 3.341708542713568 1.3008735445884143E-8
0.9 3.351758793969849 1.2540249078453318E-8
0.9 3.361809045226131 1.2090528950592334E-8
0.9 3.371859296482412 1.1658746977584536E-8
0.9 3.3819095477386933 1.124411489496123E-8
0.9 3.391959798994975 1.0845882187480179E-8
0.9 3.4020100502512562 1.0463334133817896E-8
0.9 3.412060301507538 1.0095789960069051E-8
0.9 3.422110552763819 9.742601095585104E-9
0.9 3.4321608040201004 9.40314952509239E-9
0.9 3.442211055276382 9.076846231411798E-9
0.9 3.4522613065326633 8.76312972345793E-9
0.9 3.462311557788945 8.461464644528049E-9
0.9 3.472361809045226 8.171340456201745E-9
0.9 3.4824120603015074 7.892270193461795E-9
0.9 3.492462311557789 7.623789286918061E-9
0.9 3.5025125628140703 7.3654544482692505E-9
0.9 3.512562814070352 7.116842615374036E-9
0.9 3.522613065326633 6.877549953524769E-9
0.9 3.5326633165829144 6.6471909097236325E-9
0.9 3.542713567839196 6.425397316955275E-9
0.9 3.5527638190954773 6.2118175456309795E-9
0.9 3.562814070351759 6.006115699549281E-9
0.9 3.5728643216080402 5.807970853876992E-9
0.9 3.5829145728643215 5.61707633280331E-9
0.9 3.592964824120603 5.433139024659133E-9
0.9 3.6030150753768844 5.2558787324246274E-9
0.9 3.613065326633166 5.085027557670267E-9
0.9 3.6231155778894473 4.920329316091684E-9
0.9 3.6331658291457285 4.76153898290614E-9
0.9 3.64321608040201 4.608422166479675E-9
0.9 3.6532663316582914 4.460754608648535E-9
0.9 3.663316582914573 4.3183217102875826E-9
0.9 3.6733668341708543 4.180918080761851E-9
0.9 3.6834170854271355 4.048347109975724E-9
0.9 3.693467336683417 3.920420561807928E-9
0.9 3.7035175879396984 3.7969581877896014E-9
0.9 3.71356783919598 3.6777873599476893E-9
0.9 3.7236180904522613 3.562742721797015E-9
0.9 3.7336683417085426 3.451665856521699E-9
0.9 3.7437185929648242 3.3444049714405617E-9
0.9 3.7537688442211055 3.240814597901984E-9
0.9 3.763819095477387 3.1407553058012637E-9
0.9 3.7738693467336684 3.044093431958561E-9
0.9 3.7839195979899496 2.9507008216376907E-9
0.9 3.7939698492462313 2.860454582525825E-9
0.9 3.8040201005025125 2.773236850531616E-9
0.9 3.814070351758794 2.6889345667944944E-9
0.9 3.8241206030150754 2.607439265331098E-9
0.9 3.8341708542713566 2.5286468707760946E-9
0.9 3.8442211055276383 2.4524575057041313E-9
0.9 3.8542713567839195 2.378775307047405E-9
0.9 3.864321608040201 2.3075082511495344E-9
0.9 3.8743718592964824 2.2385679870211547E-9
0.9 3.884422110552764 2.1718696773858562E-9
0.9 3.8944723618090453 2.107331847127108E-9
0.9 3.9045226130653266 2.044876238767528E-9
0.9 3.9145728643216082 1.98442767463135E-9
0.9 3.9246231155778895 1.9259139253594725E-9
0.9 3.934673366834171 1.869265584463805E-9
0.9 3.9447236180904524 1.8144159486241651E-9
0.9 3.9547738693467336 1.7613009034463996E-9
0.9 3.9648241206030153 1.7098588144151847E-9
0.9 3.9748743718592965 1.660030422788725E-9
0.9 3.984924623115578 1.6117587461957077E-9
0.9 3.9949748743718594 1.5649889837072585E-9
0.9 4.005025125628141 1.5196684251682786E-9
0.9 4.015075376884422 1.4757463645836883E-9
0.9 4.025125628140704 1.4331740173654707E-9
0.9 4.035175879396985 1.39190444125638E-9
0.9 4.045226130653266 1.3518924607554568E-9
0.9 4.055276381909548 1.3130945948794287E-9
0.9 4.065326633165829 1.2754689881023678E-9
0.9 4.075376884422111 1.238975344323963E-9
0.9 4.085427135678392 1.203574863724256E-9
0.9 4.0954773869346734 1.169230182369771E-9
0.9 4.105527638190955 1.1359053144427383E-9
0.9 4.115577889447236 1.1035655969714604E-9
0.9 4.125628140703518 1.0721776369458975E-9
0.9 4.135678391959799 1.0417092607083112E-9
0.9 4.1457286432160805 1.0121294655141743E-9
0.9 4.155778894472362 9.834083731637462E-10
0.9 4.165829145728643 9.555171856095295E-10
0.9 4.175879396984925 9.284281424495024E-10
0.9 4.185929648241206 9.02114480220341E-10
0.9 4.1959798994974875 8.76550393409051E-10
0.9 4.206030150753769 8.517109971053345E-10
0.9 4.21608040201005 8.275722912207743E-10
0.9 4.226130653266332 8.0411112620446E-10
0.9 4.236180904522613 7.813051701880485E-10
0.9 4.2462311557788945 7.591328774964466E-10
0.9 4.256281407035176 7.375734584633424E-10
0.9 4.266331658291457 7.166068504936893E-10
0.9 4.276381909547739 6.962136903179835E-10
0.9 4.28643216080402 6.763752873857812E-10
0.9 4.296482412060302 6.570735983483556E-10
0.9 4.306532663316583 6.382912025827689E-10
0.9 4.316582914572864 6.200112787118323E-10
0.9 4.326633165829146 6.022175820765599E-10
0.9 4.336683417085427 5.848944231197534E-10
0.9 4.346733668341709 5.680266466412345E-10
0.9 4.35678391959799 5.515996118870953E-10
0.9 4.366834170854271 5.35599173437057E-10
0.9 4.376884422110553 5.200116628556648E-10
0.9 4.386934673366834 5.04823871074638E-10
0.9 4.396984924623116 4.900230314751568E-10
0.9 4.407035175879397 4.755968036403145E-10
0.9 4.417085427135678 4.615332577492933E-10
0.9 4.42713567839196 4.478208595861163E-10
0.9 4.437185929648241 4.344484561370567E-10
0.9 4.447236180904523 4.214052617519367E-10
0.9 4.457286432160804 4.086808448456756E-10
0.9 4.467336683417085 3.962651151174907E-10
0.9 4.477386934673367 3.841483112661646E-10
0.9 4.4874371859296485 3.7232098918075906E-10
0.9 4.49748743718593 3.6077401058705635E-10
0.9 4.507537688442211 3.4949853213089155E-10
0.9 4.517587939698492 3.384859948803668E-10
0.9 4.527638190954774 3.2772811422972393E-10
0.9 4.5376884422110555 3.172168701884139E-10
0.9 4.547738693467337 3.0694449803961707E-10
0.9 4.557788944723618 2.969034793531553E-10
0.9 4.567839195979899 2.870865333383897E-10
0.9 4.577889447236181 2.774866085233253E-10
0.9 4.5879396984924625 2.6809687474673707E-10
0.9 4.597989949748744 2.589107154506963E-10
0.9 4.608040201005025 2.4992172026142874E-10
0.9 4.618090452261306 2.4112367784694135E-10
0.9 4.628140703517588 2.3251056904035684E-10
0.9 4.63819095477387 2.240765602183626E-10
0.9 4.648241206030151 2.1581599692463216E-10
0.9 4.658291457286432 2.0772339772850742E-10
0.9 4.668341708542713 1.9979344830963874E-10
0.9 4.678391959798995 1.92020995759675E-10
0.9 4.688442211055277 1.8440104309246697E-10
0.9 4.698492462311558 1.7692874395460717E-10
0.9 4.708542713567839 1.6959939752847168E-10
0.9 4.71859296482412 1.624084436202536E-10
0.9 4.728643216080402 1.553514579257944E-10
0.9 4.738693467336684 1.4842414746731288E-10
0.9 4.748743718592965 1.4162234619441965E-10
0.9 4.758793969849246 1.3494201074307913E-10
0.9 4.768844221105527 1.2837921634643832E-10
0.9 4.778894472361809 1.2193015289169395E-10
0.9 4.788944723618091 1.155911211174069E-10
0.9 4.798994974874372 1.0935852894590161E-10
0.9 4.809045226130653 1.032288879456056E-10
0.9 4.819095477386934 9.719880991839526E-11
0.9 4.8291457286432165 9.126500360721069E-11
0.9 4.839195979899498 8.542427151939655E-11
0.9 4.849246231155779 7.96735068614081E-11
0.9 4.85929648241206 7.400969058069547E-11
0.9 4.869346733668341 6.842988851074985E-11
0.9 4.8793969849246235 6.293124861545261E-11
0.9 4.889447236180905 5.751099832902496E-11
0.9 4.899497487437186 5.216644198802152E-11
0.9 4.909547738693467 4.689495835195258E-11
0.9 4.919597989949748 4.169399820925517E-11
0.9 4.9296482412060305 3.6561082065462555E-11
0.9 4.939698492462312 3.1493797910545555E-11
0.9 4.949748743718593 2.648979906251776E-11
0.9 4.959798994974874 2.1546802084511448E-11
0.9 4.969849246231155 1.6662584772639305E-11
0.9 4.9798994974874375 1.1834984212061861E-11
0.9 4.989949748743719 7.061894898781443E-12
0.9 5.0 2.3412669247785814E-12
0.9 5.010050251256281 -2.328895775799943E-12

0.8 -0.005025125628140704 -6.681316057586853E-5
0.8 0.005025125628140704 6.681316057586853E-5
0.8 0.01507537688442211 1.2213075274560413E-4
0.8 0.02512562814070352 1.659159183688579E-4
0.8 0.035175879396984924 2.0664249978813334E-4
0.8 0.04522613065326633 2.469022379747056E-4
0.8 0.05527638190954774 2.880257815248416E-4
0.8 0.06532663316582915 3.308995872353137E-4
0.8 0.07537688442211056 3.7622311917428195E-4
0.8 0.08542713567839195 4.2461559529735274E-4
0.8 0.09547738693467336 4.7666934023081876E-4
0.8 0.10552763819095477 5.32980800596016E-4
0.8 0.11557788944723618 5.941712260815062E-4
0.8 0.12562814070351758 6.609023319290173E-4
0.8 0.135678391959799 7.338895682923478E-4
0.8 0.1457286432160804 8.139144263387358E-4
0.8 0.15577889447236182 9.01836639655468E-4
0.8 0.1658291457286432 9.98606853241184E-4
0.8 0.17587939698492464 0.0011052801864541398
0.8 0.18592964824120603 0.0012230310445003664
0.8 0.19597989949748745 0.001353169503237609
0.8 0.20603015075376885 0.0014971595879710018
0.8 0.21608040201005024 0.0016566397800549882
0.8 0.22613065326633167 0.001833446111073432
0.8 0.23618090452261306 0.0020296382409362543
0.8 0.24623115577889448 0.0022475289624684916
0.8 0.2562814070351759 0.0024897176308171115
0.8 0.2663316582914573 0.002759128081613195
0.8 0.2763819095477387 0.003059051678016503
0.8 0.2864321608040201 0.003393196214529388
0.8 0.2964824120603015 0.0037657415060229483
0.8 0.3065326633165829 0.00418140260519717
0.8 0.3165829145728643 0.004645501722305574
0.8 0.32663316582914576 0.005164050069180123
0.8 0.33668341708542715 0.005743841017293301
0.8 0.34673366834170855 0.0063925561487878655
0.8 0.35678391959798994 0.007118885992131336
0.8 0.36683417085427134 0.007932667472317944
0.8 0.3768844221105528 0.008845040371207832
0.8 0.3869346733668342 0.009868625388224424
0.8 0.3969849246231156 0.011017726716273138
0.8 0.40703517587939697 0.012308562402637644
0.8 0.4170854271356784 0.013759526148790495
0.8 0.4271356783919598 0.015391484613828638
0.8 0.4371859296482412 0.017228114718492796
0.8 0.4472361809045226 0.01929628589199581
0.8 0.457286432160804 0.02162649264919264
0.8 0.46733668341708545 0.02425334331195108
0.8 0.47738693467336685 0.027216111068908467
0.8 0.48743718592964824 0.0305593538646387
0.8 0.49748743718592964 0.03433360977153619
0.8 0.507537688442211 0.03859617445692962
0.8 0.5175879396984925 0.04341196702331207
0.8 0.5276381909547738 0.04885448975232404
0.8 0.5376884422110553 0.055006885969420306
0.8 0.5477386934673367 0.06196309816891636
0.8 0.5577889447236181 0.06982912544851426
0.8 0.5678391959798995 0.07872437488526465
0.8 0.577889447236181 0.08878309535331654
0.8 0.5879396984924623 0.10015587396368696
0.8 0.5979899497487438 0.11301116422731124
0.8 0.6080402010050251 0.1275368005314178
0.8 0.6180904522613065 0.14394143479918095
0.8 0.628140703517588 0.1624558074052738
0.8 0.6381909547738693 0.18333373461554744
0.8 0.6482412060301508 0.20685265807584127
0.8 0.6582914572864321 0.23331355736233161
0.8 0.6683417085427136 0.26303997376080696
0.8 0.678391959798995 0.29637583222466934
0.8 0.6884422110552764 0.3336816797317378
0.8 0.6984924623115578 0.37532888431975525
0.8 0.7085427135678392 0.4216912644247797
0.8 0.7185929648241206 0.4731335504780252
0.8 0.7286432160804021 0.52999603227213
0.8 0.7386934673366834 0.5925747348288145
0.8 0.7487437185929648 0.6610965190392711
0.8 0.7587939698492463 0.7356886583266629
0.8 0.7688442211055276 0.8163427488628998
0.8 0.7788944723618091 0.9028733329131773
0.8 0.7889447236180904 0.9948724323038227
0.8 0.7989949748743719 1.0916623945458093
0.8 0.8090452261306533 1.1922511467750285
0.8 0.8190954773869347 1.29529622263579
0.8 0.8291457286432161 1.399086828171851
0.8 0.8391959798994975 1.50155671422316
0.8 0.8492462311557789 1.6003445339522724
0.8 0.8592964824120604 1.6929222170992224
0.8 0.8693467336683417 1.776814770691756
0.8 0.8793969849246231 1.8499352096148716
0.8 0.8894472361809045 1.9110533921230526
0.8 0.8994974874371859 1.9604032750846958
0.8 0.9095477386934674 2.0004033599325663
0.8 0.9195979899497487 2.036410978439142
0.8 0.9296482412060302 2.0773401019786086
0.8 0.9396984924623115 2.135827582667014
0.8 0.949748743718593 2.227411702818082
0.8 0.9597989949748744 2.3678607446626216
0.8 0.9698492462311558 2.567321888721869
0.8 0.9798994974874372 2.8193082588206853
0.8 0.9899497487437187 3.081652710042767
0.8 1.0 3.24537212743884
0.8 1.0100502512562815 3.0858407907695233
0.8 1.020100502512563 2.82684094422274
0.8 1.0301507537688441 2.5775058043264427
0.8 1.0402010050251256 2.3803398879100364
0.8 1.050251256281407 2.242034407308667
0.8 1.0603015075376885 2.152453007062017
0.8 1.07035175879397 2.0956987703188434
0.8 1.0804020100502514 2.056049599947809
0.8 1.0904522613065326 2.020702104487071
0.8 1.100502512562814 1.9806382895517278
0.8 1.1105527638190955 1.9304768797244087
0.8 1.120603015075377 1.8678518049864272
0.8 1.1306532663316584 1.7926412356402337
0.8 1.1407035175879396 1.706224961046401
0.8 1.150753768844221 1.6108549940537755
0.8 1.1608040201005025 1.5091680274829664
0.8 1.170854271356784 1.4038367994989658
0.8 1.1809045226130654 1.2973418347754135
0.8 1.1909547738693467 1.1918392726535127
0.8 1.2010050251256281 1.089100377277262
0.8 1.2110552763819096 0.9905010946850509
0.8 1.221105527638191 0.8970439567029924
0.8 1.2311557788944725 0.8093987234370282
0.8 1.2412060301507537 0.7279518718713152
0.8 1.2512562814070352 0.6528581451546472
0.8 1.2613065326633166 0.5840898226931963
0.8 1.271356783919598 0.5214812000795725
0.8 1.2814070351758795 0.46476707044225585
0.8 1.2914572864321607 0.4136148788244881
0.8 1.3015075376884422 0.3676507783322379
0.8 1.3115577889447236 0.32648013782074303
0.8 1.321608040201005 0.2897032067184122
0.8 1.3316582914572865 0.2569266883551621
0.8 1.3417085427135678 0.2277719499938015
0.8 1.3517587939698492 0.2018805351473409
0.8 1.3618090452261307 0.17891756200717526
0.8 1.3718592964824121 0.15857350425374506
0.8 1.3819095477386936 0.14056476543763097
0.8 1.3919597989949748 0.12463338018914857
0.8 1.4020100502512562 0.11054610699354223
0.8 1.4120603015075377 0.09809311883625438
0.8 1.4221105527638191 0.08708644939397682
0.8 1.4321608040201006 0.07735831279808392
0.8 1.4422110552763818 0.06875938324740172
0.8 1.4522613065326633 0.0611570957425769
0.8 1.4623115577889447 0.05443400983539009
0.8 1.4723618090452262 0.04848626350993928
0.8 1.4824120603015076 0.04322213323937439
0.8 1.4924623115577889 0.03856070812401785
0.8 1.5025125628140703 0.03443068017341076
0.8 1.5125628140703518 0.03076924872089564
0.8 1.5226130653266332 0.027521134231049064
0.8 1.5326633165829147 0.0246376950403737
0.8 1.542713567839196 0.0220761395950947
0.8 1.5527638190954773 0.01979882631080282
0.8 1.5628140703517588 0.01777264311899468
0.8 1.5728643216080402 0.01596845896537828
0.8 1.5829145728643217 0.014360639894324576
0.8 1.5929648241206031 0.012926622826734334
0.8 1.6030150753768844 0.011646540666665497
0.8 1.6130653266331658 0.010502892921029003
0.8 1.6231155778894473 0.009480256562708093
0.8 1.6331658291457287 0.008565032394647537
0.8 1.6432160804020102 0.007745222670672961
0.8 1.6532663316582914 0.007010236192146692
0.8 1.6633165829145728 0.006350717525196357
0.8 1.6733668341708543 0.005758397370442048
0.8 1.6834170854271358 0.005225961466623597
0.8 1.6934673366834172 0.004746935722965254
0.8 1.7035175879396984 0.0043155855547616665
0.8 1.7135678391959799 0.003926827645094713
0.8 1.7236180904522613 0.0035761525754897587
0.8 1.7336683417085428 0.0032595569623868606
0.8 1.7437185929648242 0.0029734839071448855
0.8 1.7537688442211055 0.0027147707173815257
0.8 1.763819095477387 0.002480602989073819
0.8 1.7738693467336684 0.0022684742541088446
0.8 1.7839195979899498 0.0020761504987968794
0.8 1.7939698492462313 0.001901638946965661
0.8 1.8040201005025125 0.001743160578189658
0.8 1.814070351758794 0.0015991259188496323
0.8 1.8241206030150754 0.0014681137022859077
0.8 1.8341708542713568 0.001348852045382399
0.8 1.8442211055276383 0.0012402018334478739
0.8 1.8542713567839195 0.0011411420440808214
0.8 1.864321608040201 0.0010507567745463397
0.8 1.8743718592964824 9.682237666982835E-4
0.8 1.8844221105527639 8.928042492067482E-4
0.8 1.8944723618090453 8.238339392884352E-4
0.8 1.9045226130653266 7.607150657109596E-4
0.8 1.914572864321608 7.02909291922777E-4
0.8 1.9246231155778895 6.499314330708356E-4
0.8 1.934673366834171 6.013438736891198E-4
0.8 1.9447236180904524 5.567516042174342E-4
0.8 1.9547738693467338 5.157978044532366E-4
0.8 1.964824120603015 4.7815991073496593E-4
0.8 1.9748743718592965 4.435461112635252E-4
0.8 1.984924623115578 4.1169222062899886E-4
0.8 1.9949748743718594 3.823588904436032E-4
0.8 2.0050251256281406 3.5532911809484633E-4
0.8 2.0150753768844223 3.304060201165839E-4
0.8 2.0251256281407035 3.074108406100005E-4
0.8 2.0351758793969847 2.861811686009163E-4
0.8 2.0452261306532664 2.6656934125470215E-4
0.8 2.0552763819095476 2.4844101253812366E-4
0.8 2.0653266331658293 2.316738692644656E-4
0.8 2.0753768844221105 2.1615647852431737E-4
0.8 2.0854271356783918 2.0178725232422161E-4
0.8 2.0954773869346734 1.8847351685945363E-4
0.8 2.1055276381909547 1.7613067526199604E-4
0.8 2.1155778894472363 1.6468145391347944E-4
0.8 2.1256281407035176 1.5405522351573267E-4
0.8 2.135678391959799 1.4418738708628245E-4
0.8 2.1457286432160805 1.35018827908166E-4
0.8 2.1557788944723617 1.264954112263009E-4
0.8 2.1658291457286434 1.1856753415824902E-4
0.8 2.1758793969849246 1.1118971888592001E-4
0.8 2.1859296482412063 1.0432024472567391E-4
0.8 2.1959798994974875 9.792081514541545E-5
0.8 2.2060301507537687 9.19562562156172E-5
0.8 2.2160804020100504 8.639424335294457E-5
0.8 2.2261306532663316 8.120505354568494E-5
0.8 2.2361809045226133 7.636134054427264E-5
0.8 2.2462311557788945 7.183793076204552E-5
0.8 2.2562814070351758 6.761163786464644E-5
0.8 2.2663316582914574 6.366109423446077E-5
0.8 2.2763819095477387 5.996659768200903E-5
0.8 2.2864321608040203 5.6509971941835355E-5
0.8 2.2964824120603016 5.327443963837095E-5
0.8 2.306532663316583 5.024450653948139E-5
0.8 2.3165829145728645 4.740585603367449E-5
0.8 2.3266331658291457 4.474525287278762E-5
0.8 2.3366834170854274 4.225045531675624E-5
0.8 2.3467336683417086 3.9910134902003565E-5
0.8 2.35678391959799 3.7713803131141394E-5
0.8 2.3668341708542715 3.565174445000195E-5
0.8 2.3768844221105527 3.371495493935535E-5
0.8 2.3869346733668344 3.1895086203768006E-5
0.8 2.3969849246231156 3.0184393989580863E-5
0.8 2.407035175879397 2.8575691108525324E-5
0.8 2.4170854271356785 2.7062304283577694E-5
0.8 2.4271356783919598 2.563803456974128E-5
0.8 2.4371859296482414 2.4297121034961345E-5
0.8 2.4472361809045227 2.3034207415689767E-5
0.8 2.457286432160804 2.1844311488054567E-5
0.8 2.4673366834170856 2.0722796919450998E-5
0.8 2.477386934673367 1.9665347386917523E-5
0.8 2.4874371859296485 1.8667942768127908E-5
0.8 2.4974874371859297 1.7726837228430877E-5
0.8 2.507537688442211 1.68385390432873E-5
0.8 2.5175879396984926 1.5999792009862672E-5
0.8 2.527638190954774 1.520755831457806E-5
0.8 2.5376884422110555 1.4459002735242302E-5
0.8 2.5477386934673367 1.375147806710263E-5
0.8 2.557788944723618 1.3082511671867366E-5
0.8 2.5678391959798996 1.2449793057573177E-5
0.8 2.577889447236181 1.1851162405173974E-5
0.8 2.5879396984924625 1.128459996500139E-5
0.8 2.5979899497487438 1.074821625285576E-5
0.8 2.608040201005025 1.0240242981496132E-5
0.8 2.6180904522613067 9.759024668765409E-6
0.8 2.628140703517588 9.303010868563062E-6
0.8 2.6381909547738696 8.87074897540958E-6
0.8 2.648241206030151 8.460877557476045E-6
0.8 2.658291457286432 8.072120176715616E-6
0.8 2.6683417085427137 7.703279658166422E-6
0.8 2.678391959798995 7.3532327736269775E-6
0.8 2.6884422110552766 7.020925307764147E-6
0.8 2.698492462311558 6.705367477324764E-6
0.8 2.708542713567839 6.405629676507324E-6
0.8 2.7185929648241207 6.120838523731155E-6
0.8 2.728643216080402 5.850173187034651E-6
0.8 2.7386934673366836 5.592861967158919E-6
0.8 2.748743718592965 5.348179119043517E-6
0.8 2.758793969849246 5.1154418939904115E-6
0.8 2.7688442211055277 4.894007786153812E-6
0.8 2.778894472361809 4.6832719682978054E-6
0.8 2.7889447236180906 4.482664902941588E-6
0.8 2.798994974874372 4.291650116092525E-6
0.8 2.809045226130653 4.1097221217588576E-6
0.8 2.819095477386935 3.9364044863442195E-6
0.8 2.829145728643216 3.771248022862465E-6
0.8 2.8391959798994977 3.613829105679576E-6
0.8 2.849246231155779 3.4637480971959126E-6
0.8 2.85929648241206 3.320627878531652E-6
0.8 2.869346733668342 3.184112476875885E-6
0.8 2.879396984924623 3.0538657827100024E-6
0.8 2.8894472361809047 2.929570350622439E-6
0.8 2.899497487437186 2.8109262778984495E-6
0.8 2.909547738693467 2.697650155498409E-6
0.8 2.919597989949749 2.5894740864345535E-6
0.8 2.92964824120603 2.486144766921422E-6
0.8 2.9396984924623117 2.3874226260125614E-6
0.8 2.949748743718593 2.293081019747047E-6
0.8 2.959798994974874 2.202905476116826E-6
0.8 2.969849246231156 2.1166929874310378E-6
0.8 2.979899497487437 2.034251346898764E-6
0.8 2.9899497487437188 1.955398526478046E-6
0.8 3.0 1.8799620932486703E-6
0.8 3.0100502512562817 1.8077786617597907E-6
0.8 3.020100502512563 1.7386933799828818E-6
0.8 3.030150753768844 1.6725594466663133E-6
0.8 3.040201005025126 1.6092376580415478E-6
0.8 3.050251256281407 1.5485959819732131E-6
0.8 3.0603015075376887 1.490509157777135E-6
0.8 3.07035175879397 1.4348583200526554E-6
0.8 3.080402010050251 1.3815306449888032E-6
0.8 3.090452261306533 1.3304190177089876E-6
0.8 3.100502512562814 1.2814217193163747E-6
0.8 3.1105527638190957 1.2344421323925878E-6
0.8 3.120603015075377 1.1893884637863561E-6
0.8 3.130653266331658 1.1461734836067657E-6
0.8 3.14070351758794 1.1047142794082369E-6
0.8 3.150753768844221 1.0649320246216875E-6
0.8 3.1608040201005028 1.0267517603489475E-6
0.8 3.170854271356784 9.901021896957358E-7
0.8 3.180904522613065 9.549154838726086E-7
0.8 3.190954773869347 9.211270993437162E-7
0.8 3.201005025125628 8.886756053500969E-7
0.8 3.21105527638191 8.575025211778485E-7
0.8 3.221105527638191 8.275521625822596E-7
0.8 3.2311557788944723 7.987714968167905E-7
0.8 3.241206030150754 7.711100057511298E-7
0.8 3.251256281407035 7.445195565954487E-7
0.8 3.261306532663317 7.189542797786521E-7
0.8 3.271356783919598 6.943704535570356E-7
0.8 3.2814070351758793 6.707263949564641E-7
0.8 3.291457286432161 6.479823566760954E-7
0.8 3.301507537688442 6.261004296049192E-7
0.8 3.311557788944724 6.050444506241152E-7
0.8 3.321608040201005 5.847799153884999E-7
0.8 3.3316582914572863 5.652738957992854E-7
0.8 3.341708542713568 5.464949618980897E-7
0.8 3.351758793969849 5.284131079286805E-7
0.8 3.361809045226131 5.109996823284099E-7
0.8 3.371859296482412 4.942273214257972E-7
0.8 3.3819095477386933 4.78069886634222E-7
0.8 3.391959798994975 4.6250240494440034E-7
0.8 3.4020100502512562 4.4750101253015816E-7
0.8 3.412060301507538 4.3304290129312063E-7
0.8 3.422110552763819 4.191062681823569E-7
0.8 3.4321608040201004 4.0567026713474073E-7
0.8 3.442211055276382 3.927149634909349E-7
0.8 3.4522613065326633 3.802212907504539E-7
0.8 3.462311557788945 3.6817100953728163E-7
0.8 3.472361809045226 3.565466686550543E-7
0.8 3.4824120603015074 3.4533156811785326E-7
0.8 3.492462311557789 3.34509724049294E-7
0.8 3.5025125628140703 3.240658353487922E-7
0.8 3.512562814070352 3.139852520297233E-7
0.8 3.522613065326633 3.0425394513967076E-7
0.8 3.5326633165829144 2.9485847817808637E-7
0.8 3.542713567839196 2.857859799315271E-7
0.8 3.5527638190954773 2.770241186511592E-7
0.8 3.562814070351759 2.685610775014859E-7
0.8 3.5728643216080402 2.6038553121326543E-7
0.8 3.5829145728643215 2.524866238773487E-7
0.8 3.592964824120603 2.448539478197064E-7
0.8 3.6030150753768844 2.3747752350125662E-7
0.8 3.613065326633166 2.3034778038922796E-7
0.8 3.6231155778894473 2.2345553874975114E-7
0.8 3.6331658291457285 2.1679199231414326E-7
0.8 3.64321608040201 2.1034869177396864E-7
0.8 3.6532663316582914 2.0411752906241456E-7
0.8 3.663316582914573 1.9809072238184472E-7
0.8 3.6733668341708543 1.92260801939576E-7
0.8 3.6834170854271355 1.866205963559778E-7
0.8 3.693467336683417 1.8116321971093926E-7
0.8 3.7035175879396984 1.7588205919657384E-7
0.8 3.71356783919598 1.7077076334575427E-7
0.8 3.7236180904522613 1.6582323080770068E-7
0.8 3.7336683417085426 1.6103359964337355E-7
0.8 3.7437185929648242 1.56396237114872E-7
0.8 3.7537688442211055 1.5190572994440466E-7
0.8 3.763819095477387 1.4755687501968515E-7
0.8 3.7738693467336684 1.433446705238245E-7
0.8 3.7839195979899496 1.3926430746893885E-7
0.8 3.7939698492462313 1.3531116161377663E-7
0.8 3.8040201005025125 1.3148078574669385E-7
0.8 3.814070351758794 1.2776890231627466E-7
0.8 3.8241206030150754 1.2417139639280726E-7
0.8 3.8341708542713566 1.2068430894469188E-7
0.8 3.8442211055276383 1.173038304146752E-7
0.8 3.8542713567839195 1.1402629458157567E-7
0.8 3.864321608040201 1.1084817269389687E-7
0.8 3.8743718592964824 1.0776606786241882E-7
0.8 3.884422110552764 1.0477670969950714E-7
0.8 3.8944723618090453 1.0187694919350227E-7
0.8 3.9045226130653266 9.906375380713592E-8
0.8 3.9145728643216082 9.63342027894738E-8
0.8 3.9246231155778895 9.368548269141283E-8
0.8 3.934673366834171 9.111488307525327E-8
0.8 3.9447236180904524 8.861979240934127E-8
0.8 3.9547738693467336 8.619769413921942E-8
0.8 3.9648241206030153 8.384616292714838E-8
0.8 3.9748743718592965 8.156286105226093E-8
0.8 3.984924623115578 7.934553496398953E-8
0.8 3.9949748743718594 7.719201198176955E-8
0.8 4.005025125628141 7.510019713435866E-8
0.8 4.015075376884422 7.306807013243914E-8
0.8 4.025125628140704 7.109368246847367E-8
0.8 4.035175879396985 6.917515463807905E-8
0.8 4.045226130653266 6.731067347745449E-8
0.8 4.055276381909548 6.549848961166763E-8
0.8 4.065326633165829 6.37369150088455E-8
0.8 4.075376884422111 6.202432063555633E-8
0.8 4.085427135678392 6.035913420889196E-8
0.8 4.0954773869346734 5.8739838040970974E-8
0.8 4.105527638190955 5.716496697178807E-8
0.8 4.115577889447236 5.5633106386524434E-8
0.8 4.125628140703518 5.4142890313616624E-8
0.8 4.135678391959799 5.269299960005599E-8
0.8 4.1457286432160805 5.128216016055316E-8
0.8 4.155778894472362 4.990914129736081E-8
0.8 4.165829145728643 4.857275408769389E-8
0.8 4.175879396984925 4.727184983583119E-8
0.8 4.185929648241206 4.6005318587112936E-8
0.8 4.1959798994974875 4.477208770118026E-8
0.8 4.206030150753769 4.357112048192153E-8
0.8 4.21608040201005 4.240141486170774E-8
0.8 4.226130653266332 4.12620021376083E-8
0.8 4.236180904522613 4.015194575738424E-8
0.8 4.2462311557788945 3.907034015315417E-8
0.8 4.256281407035176 3.8016309620725176E-8
0.8 4.266331658291457 3.698900724266923E-8
0.8 4.276381909547739 3.598761385331309E-8
0.8 4.28643216080402 3.5011337043891063E-8
0.8 4.296482412060302 3.405941020618786E-8
0.8 4.306532663316583 3.313109161307391E-8
0.8 4.316582914572864 3.222566353440552E-8
0.8 4.326633165829146 3.134243138682979E-8
0.8 4.336683417085427 3.048072291609955E-8
0.8 4.346733668341709 2.9639887410563424E-8
0.8 4.35678391959799 2.88192949445557E-8
0.8 4.366834170854271 2.801833565046609E-8
0.8 4.376884422110553 2.7236419018322207E-8
0.8 4.386934673366834 2.6472973221769176E-8
0.8 4.396984924623116 2.572744446937784E-8
0.8 4.407035175879397 2.4999296380260688E-8
0.8 4.417085427135678 2.4288009383017302E-8
0.8 4.42713567839196 2.3593080137073685E-8
0.8 4.437185929648241 2.291402097552025E-8
0.8 4.447236180904523 2.2250359368590496E-8
0.8 4.457286432160804 2.1601637406960087E-8
0.8 4.467336683417085 2.096741130408004E-8
0.8 4.477386934673367 2.034725091679125E-8
0.8 4.4874371859296485 1.9740739283499764E-8
0.8 4.49748743718593 1.9147472179221833E-8
0.8 4.507537688442211 1.8567057686837426E-8
0.8 4.517587939698492 1.799911578391839E-8
0.8 4.527638190954774 1.7443277944523662E-8
0.8 4.5376884422110555 1.689918675537959E-8
0.8 4.547738693467337 1.636649554588743E-8
0.8 4.557788944723618 1.584486803142324E-8
0.8 4.567839195979899 1.5333977969417346E-8
0.8 4.577889447236181 1.4833508827721978E-8
0.8 4.5879396984924625 1.434315346479555E-8
0.8 4.597989949748744 1.3862613821251465E-8
0.8 4.608040201005025 1.3391600622338056E-8
0.8 4.618090452261306 1.2929833090933495E-8
0.8 4.628140703517588 1.247703867065676E-8
0.8 4.63819095477387 1.2032952758711821E-8
0.8 4.648241206030151 1.1597318448097572E-8
0.8 4.658291457286432 1.1169886278831067E-8
0.8 4.668341708542713 1.0750413997845539E-8
0.8 4.678391959798995 1.033866632723855E-8
0.8 4.688442211055277 9.934414740558253E-9
0.8 4.698492462311558 9.537437246828554E-9
0.8 4.708542713567839 9.147518182025592E-9
0.8 4.71859296482412 8.764448007729484E-9
0.8 4.728643216080402 8.38802311668628E-9
0.8 4.738693467336684 8.018045645025362E-9
0.8 4.748743718592965 7.65432329088762E-9
0.8 4.758793969849246 7.296669139229506E-9
0.8 4.768844221105527 6.944901492576981E-9
0.8 4.778894472361809 6.598843707512451E-9
0.8 4.788944723618091 6.258324036686075E-9
0.8 4.798994974874372 5.923175476151027E-9
0.8 4.809045226130653 5.593235617830034E-9
0.8 4.819095477386934 5.2683465069279545E-9
0.8 4.8291457286432165 4.948354504112334E-9
0.8 4.839195979899498 4.633110152290649E-9
0.8 4.849246231155779 4.322468047819684E-9
0.8 4.85929648241206 4.016286715988547E-9
0.8 4.869346733668341 3.7144284906231516E-9
0.8 4.8793969849246235 3.4167593976655238E-9
0.8 4.889447236180905 3.1231490425870865E-9
0.8 4.899497487437186 2.833470501500258E-9
0.8 4.909547738693467 2.547600215837898E-9
0.8 4.919597989949748 2.265417890475037E-9
0.8 4.9296482412060305 1.9868063951720662E-9
0.8 4.939698492462312 1.711651669223057E-9
0.8 4.949748743718593 1.4398426291972572E-9
0.8 4.959798994974874 1.1712710796660094E-9
0.8 4.969849246231155 9.058316268113079E-10
0.8 4.9798994974874375 6.434215948160874E-10
0.8 4.989949748743719 3.839409449400532E-10
0.8 5.0 1.2729219718837552E-10
0.8 5.010050251256281 -1.2661964551596238E-10

0.7000000000000001 -0.005025125628140704 -4.2672432911303583E-4
0.7000000000000001 0.005025125628140704 4.2672432911303583E-4
0.7000000000000001 0.01507537688442211 7.774623840169274E-4
0.7000000000000001 0.02512562814070352 0.001051539486582525
0.7000000000000001 0.035175879396984924 0.001302485257796682
0.7000000000000001 0.04522613065326633 0.0015462535076296536
0.7000000000000001 0.05527638190954774 0.0017906753329829145
0.7000000000000001 0.06532663316582915 0.0020406570658158276
0.7000000000000001 0.07537688442211056 0.0022998069040096373
0.7000000000000001 0.08542713567839195 0.002571100132147414
0.7000000000000001 0.09547738693467336 0.002857201696647467
0.7000000000000001 0.10552763819095477 0.0031606438766314205
0.7000000000000001 0.11557788944723618 0.003483935221660521
0.7000000000000001 0.12562814070351758 0.0038296342224125144
0.7000000000000001 0.135678391959799 0.0042004039619327905
0.7000000000000001 0.1457286432160804 0.0045990562987263586
0.7000000000000001 0.15577889447236182 0.005028590406158514
0.7000000000000001 0.1658291457286432 0.005492228570026968
0.7000000000000001 0.17587939698492464 0.005993451103336766
0.7000000000000001 0.18592964824120603 0.006536031649443666
0.7000000000000001 0.19597989949748745 0.007124073804263918
0.7000000000000001 0.20603015075376885 0.0077620497883334584
0.7000000000000001 0.21608040201005024 0.008454841782599823
0.7000000000000001 0.22613065326633167 0.0092077864756918
0.7000000000000001 0.23618090452261306 0.01002672333626963
0.7000000000000001 0.24623115577889448 0.010918047110581891
0.7000000000000001 0.2562814070351759 0.011888765045419615
0.7000000000000001 0.2663316582914573 0.012946559345549993
0.7000000000000001 0.2763819095477387 0.014099855389101964
0.7000000000000001 0.2864321608040201 0.015357896241693132
0.7000000000000001 0.2964824120603015 0.016730824028135537
0.7000000000000001 0.3065326633165829 0.01822976873724578
0.7000000000000001 0.3165829145728643 0.0198669450484382
0.7000000000000001 0.32663316582914576 0.0216557577759878
0.7000000000000001 0.33668341708542715 0.023610916525327583
0.7000000000000001 0.34673366834170855 0.025748560142210414
0.7000000000000001 0.35678391959798994 0.02808639150610885
0.7000000000000001 0.36683417085427134 0.030643823169176628
0.7000000000000001 0.3768844221105528 0.03344213426588458
0.7000000000000001 0.3869346733668342 0.03650463900946118
0.7000000000000001 0.3969849246231156 0.03985686694170873
0.7000000000000001 0.40703517587939697 0.04352675490349131
0.7000000000000001 0.4170854271356784 0.04754485043358945
0.7000000000000001 0.4271356783919598 0.051944525971494265
0.7000000000000001 0.4371859296482412 0.05676220282123933
0.7000000000000001 0.4472361809045226 0.06203758331307327
0.7000000000000001 0.457286432160804 0.06781388896068936
0.7000000000000001 0.46733668341708545 0.07413810163566532
0.7000000000000001 0.47738693467336685 0.08106120384885163
0.7000000000000001 0.48743718592964824 0.08863841312197829
0.7000000000000001 0.49748743718592964 0.09692940413447373
0.7000000000000001 0.507537688442211 0.10599851082649805
0.7000000000000001 0.5175879396984925 0.11591489892152297
0.7000000000000001 0.5276381909547738 0.12675269740206024
0.7000000000000001 0.5376884422110553 0.13859107534627288
0.7000000000000001 0.5477386934673367 0.1515142482477399
0.7000000000000001 0.5577889447236181 0.1656113955606211
0.7000000000000001 0.5678391959798995 0.18097646884132806
0.7000000000000001 0.577889447236181 0.19770786764934545
0.7000000000000001 0.5879396984924623 0.21590795854212483
0.7000000000000001 0.5979899497487438 0.23568241134995363
0.7000000000000001 0.6080402010050251 0.2571393268406218
0.7000000000000001 0.6180904522613065 0.2803881313865156
0.7000000000000001 0.628140703517588 0.30553821795792885
0.7000000000000001 0.6381909547738693 0.33269731944241776
0.7000000000000001 0.6482412060301508 0.3619696108031522
0.7000000000000001 0.6582914572864321 0.39345355189155024
0.7000000000000001 0.6683417085427136 0.4272395037791863
0.7000000000000001 0.678391959798995 0.46340717910625456
0.7000000000000001 0.6884422110552764 0.5020230216643389
0.7000000000000001 0.6984924623115578 0.54313765210576
0.7000000000000001 0.7085427135678392 0.5867835640850736
0.7000000000000001 0.7185929648241206 0.6329733053960027
0.7000000000000001 0.7286432160804021 0.6816984264277106
0.7000000000000001 0.7386934673366834 0.732929514813963
0.7000000000000001 0.7487437185929648 0.7866176473801554
0.7000000000000001 0.7587939698492463 0.8426975599357328
0.7000000000000001 0.7688442211055276 0.9010927376350609
0.7000000000000001 0.7788944723618091 0.9617224332029127
0.7000000000000001 0.7889447236180904 1.0245102927690133
0.7000000000000001 0.7989949748743719 1.0893937749106326
0.7000000000000001 0.8090452261306533 1.156332861568394
0.7000000000000001 0.8190954773869347 1.2253156757777905
0.7000000000000001 0.8291457286432161 1.2963575802903349
0.7000000000000001 0.8391959798994975 1.3694892468555053
0.7000000000000001 0.8492462311557789 1.4447282855024541
0.7000000000000001 0.8592964824120604 1.5220286932991198
0.7000000000000001 0.8693467336683417 1.6012032126256992
0.7000000000000001 0.8793969849246231 1.6818164971132092
0.7000000000000001 0.8894472361809045 1.7630527860950882
0.7000000000000001 0.8994974874371859 1.843571671106466
0.7000000000000001 0.9095477386934674 1.9213803382784762
0.7000000000000001 0.9195979899497487 1.9937703621641392
0.7000000000000001 0.9296482412060302 2.0573897483287116
0.7000000000000001 0.9396984924623115 2.108540856693823
0.7000000000000001 0.949748743718593 2.143800214724331
0.7000000000000001 0.9597989949748744 2.161025214091862
0.7000000000000001 0.9698492462311558 2.1607084364623055
0.7000000000000001 0.9798994974874372 2.147404518109507
0.7000000000000001 0.9899497487437187 2.130499183799488
0.7000000000000001 1.0 2.1227887462259516
0.7000000000000001 1.0100502512562815 2.1340155523019173
0.7000000000000001 1.020100502512563 2.154426237280525
0.7000000000000001 1.0301507537688441 2.171111399741938
0.7000000000000001 1.0402010050251256 2.174515501864678
0.7000000000000001 1.050251256281407 2.1599238335049136
0.7000000000000001 1.0603015075376885 2.1267350668415053
0.7000000000000001 1.07035175879397 2.077045403271515
0.7000000000000001 1.0804020100502514 2.0142845431836114
0.7000000000000001 1.0904522613065326 1.9421907840903043
0.7000000000000001 1.100502512562814 1.864173486374358
0.7000000000000001 1.1105527638190955 1.783002465107169
0.7000000000000001 1.120603015075377 1.700729271514904
0.7000000000000001 1.1306532663316584 1.6187485871916443
0.7000000000000001 1.1407035175879396 1.5379270873911923
0.7000000000000001 1.150753768844221 1.458749836053426
0.7000000000000001 1.1608040201005025 1.3814544930406067
0.7000000000000001 1.170854271356784 1.306139045839517
0.7000000000000001 1.1809045226130654 1.2328391978207285
0.7000000000000001 1.1909547738693467 1.1615777074550229
0.7000000000000001 1.2010050251256281 1.0923909586747258
0.7000000000000001 1.2110552763819096 1.025338906382697
0.7000000000000001 1.221105527638191 0.9605041515318822
0.7000000000000001 1.2311557788944725 0.8979848951198555
0.7000000000000001 1.2412060301507537 0.8378853229860415
0.7000000000000001 1.2512562814070352 0.7803058336494157
0.7000000000000001 1.2613065326633166 0.7253345643132514
0.7000000000000001 1.271356783919598 0.6730409375717978
0.7000000000000001 1.2814070351758795 0.6234714362626002
0.7000000000000001 1.2914572864321607 0.5766474845193631
0.7000000000000001 1.3015075376884422 0.5325651287080617
0.7000000000000001 1.3115577889447236 0.49119613241651994
0.7000000000000001 1.321608040201005 0.4524900902056901
0.7000000000000001 1.3316582914572865 0.4163771977773852
0.7000000000000001 1.3417085427135678 0.3827713711364951
0.7000000000000001 1.3517587939698492 0.35157347013066764
0.7000000000000001 1.3618090452261307 0.3226744434441594
0.7000000000000001 1.3718592964824121 0.29595826754896937
0.7000000000000001 1.3819095477386936 0.2713045988304491
0.7000000000000001 1.3919597989949748 0.24859109545500185
0.7000000000000001 1.4020100502512562 0.22769539397794325
0.7000000000000001 1.4120603015075377 0.20849674623566639
0.7000000000000001 1.4221105527638191 0.1908773360138399
0.7000000000000001 1.4321608040201006 0.17472330365135536
0.7000000000000001 1.4422110552763818 0.1599255113531167
0.7000000000000001 1.4522613065326633 0.14638008361078086
0.7000000000000001 1.4623115577889447 0.13398875665571064
0.7000000000000001 1.4723618090452262 0.12265906900091517
0.7000000000000001 1.4824120603015076 0.11230442241477344
0.7000000000000001 1.4924623115577889 0.10284403951570685
0.7000000000000001 1.5025125628140703 0.09420284087573669
0.7000000000000001 1.5125628140703518 0.08631126127258815
0.7000000000000001 1.5226130653266332 0.07910502166462875
0.7000000000000001 1.5326633165829147 0.07252487065742527
0.7000000000000001 1.542713567839196 0.06651630672357148
0.7000000000000001 1.5527638190954773 0.061029290240127466
0.7000000000000001 1.5628140703517588 0.056017952513842215
0.7000000000000001 1.5728643216080402 0.05144030735511972
0.7000000000000001 1.5829145728643217 0.04725796941264352
0.7000000000000001 1.5929648241206031 0.04343588236379886
0.7000000000000001 1.6030150753768844 0.03994205914286634
0.7000000000000001 1.6130653266331658 0.03674733565161626
0.7000000000000001 1.6231155778894473 0.03382513880941956
0.7000000000000001 1.6331658291457287 0.03115126933866748
0.7000000000000001 1.6432160804020102 0.028703699325120454
0.7000000000000001 1.6532663316582914 0.026462384323344697
0.7000000000000001 1.6633165829145728 0.024409089578739177
0.7000000000000001 1.6733668341708543 0.022527229796222775
0.7000000000000001 1.6834170854271358 0.020801721789982686
0.7000000000000001 1.6934673366834172 0.01921884928919886
0.7000000000000001 1.7035175879396984 0.01776613914340844
0.7000000000000001 1.7135678391959799 0.016432248161636156
0.7000000000000001 1.7236180904522613 0.015206859826266789
0.7000000000000001 1.7336683417085428 0.014080590141577195
0.7000000000000001 1.7437185929648242 0.013044901904429359
0.7000000000000001 1.7537688442211055 0.012092026718119386
0.7000000000000001 1.763819095477387 0.011214894107628765
0.7000000000000001 1.7738693467336684 0.010407067133865652
0.7000000000000001 1.7839195979899498 0.009662683944635327
0.7000000000000001 1.7939698492462313 0.008976404740079017
0.7000000000000001 1.8040201005025125 0.008343363669457156
0.7000000000000001 1.814070351758794 0.007759125213920412
0.7000000000000001 1.8241206030150754 0.007219644645959761
0.7000000000000001 1.8341708542713568 0.0067212321903302105
0.7000000000000001 1.8442211055276383 0.006260520543274529
0.7000000000000001 1.8542713567839195 0.0058344354367776
0.7000000000000001 1.864321608040201 0.00544016896235906
0.7000000000000001 1.8743718592964824 0.005075155394603675
0.7000000000000001 1.8844221105527639 0.004737049278303956
0.7000000000000001 1.8944723618090453 0.004423705564839317
0.7000000000000001 1.9045226130653266 0.004133161603342413
0.7000000000000001 1.914572864321608 0.0038636208104173065
0.7000000000000001 1.9246231155778895 0.003613437858789392
0.7000000000000001 1.934673366834171 0.0033811052403970782
0.7000000000000001 1.9447236180904524 0.003165241073193228
0.7000000000000001 1.9547738693467338 0.0029645780334169773
0.7000000000000001 1.964824120603015 0.002777953306428785
0.7000000000000001 1.9748743718592965 0.0026042994594702796
0.7000000000000001 1.984924623115578 0.002442636149008297
0.7000000000000001 1.9949748743718594 0.002292062583734953
0.7000000000000001 2.0050251256281406 0.0021517506719027552
0.7000000000000001 2.0150753768844223 0.002020938788548822
0.7000000000000001 2.0251256281407035 0.00189892610437358
0.7000000000000001 2.0351758793969847 0.0017850674236486745
0.7000000000000001 2.0452261306532664 0.0016787684835934515
0.7000000000000001 2.0552763819095476 0.0015794816722311889
0.7000000000000001 2.0653266331658293 0.001486702125862444
0.7000000000000001 2.0753768844221105 0.0013999641710168813
0.7000000000000001 2.0854271356783918 0.0013188380791053517
0.7000000000000001 2.0954773869346734 0.0012429271050266892
0.7000000000000001 2.1055276381909547 0.001171864783720482
0.7000000000000001 2.1155778894472363 0.0011053124611270456
0.7000000000000001 2.1256281407035176 0.0010429570382453426
0.7000000000000001 2.135678391959799 9.845089089921175E-4
0.7000000000000001 2.1457286432160805 9.297000743826338E-4
0.7000000000000001 2.1557788944723617 8.782824171942848E-4
0.7000000000000001 2.1658291457286434 8.300261227564012E-4
0.7000000000000001 2.1758793969849246 7.847182328485256E-4
0.7000000000000001 2.1859296482412063 7.421613208992837E-4
0.7000000000000001 2.1959798994974875 7.021722777715963E-4
0.7000000000000001 2.2060301507537687 6.645811984086562E-4
0.7000000000000001 2.2160804020100504 6.292303605092949E-4
0.7000000000000001 2.2261306532663316 5.95973287210258E-4
0.7000000000000001 2.2361809045226133 5.646738864848916E-4
0.7000000000000001 2.2462311557788945 5.352056606303967E-4
0.7000000000000001 2.2562814070351758 5.074509798157789E-4
0.7000000000000001 2.2663316582914574 4.813004142061693E-4
0.7000000000000001 2.2763819095477387 4.566521196716571E-4
0.7000000000000001 2.2864321608040203 4.334112725352217E-4
0.7000000000000001 2.2964824120603016 4.1148954921916983E-4
0.7000000000000001 2.306532663316583 3.9080464701669605E-4
0.7000000000000001 2.3165829145728645 3.7127984254843734E-4
0.7000000000000001 2.3266331658291457 3.528435847664096E-4
0.7000000000000001 2.3366834170854274 3.354291196424309E-4
0.7000000000000001 2.3467336683417086 3.189741439277655E-4
0.7000000000000001 2.35678391959799 3.0342048559752757E-4
0.7000000000000001 2.3668341708542715 2.8871380879967346E-4
0.7000000000000001 2.3768844221105527 2.748033413159841E-4
0.7000000000000001 2.3869346733668344 2.616416227131555E-4
0.7000000000000001 2.3969849246231156 2.4918427151750087E-4
0.7000000000000001 2.407035175879397 2.3738976988826736E-4
0.7000000000000001 2.4170854271356785 2.2621926439349472E-4
0.7000000000000001 2.4271356783919598 2.1563638160982217E-4
0.7000000000000001 2.4371859296482414 2.0560705737477367E-4
0.7000000000000001 2.4472361809045227 1.9609937861776112E-4
0.7000000000000001 2.457286432160804 1.8708343678519276E-4
0.7000000000000001 2.4673366834170856 1.7853119195646497E-4
0.7000000000000001 2.477386934673367 1.704163468219325E-4
0.7000000000000001 2.4874371859296485 1.6271422976184958E-4
0.7000000000000001 2.4974874371859297 1.5540168632733445E-4
0.7000000000000001 2.507537688442211 1.484569784811411E-4
0.7000000000000001 2.5175879396984926 1.418596910079226E-4
0.7000000000000001 2.527638190954774 1.3559064455115572E-4
0.7000000000000001 2.5376884422110555 1.296318147773645E-4
0.7000000000000001 2.5477386934673367 1.2396625720809406E-4
0.7000000000000001 2.557788944723618 1.1857803729654543E-4
0.7000000000000001 2.5678391959798996 1.1345216535921674E-4
0.7000000000000001 2.577889447236181 1.0857453600353043E-4
0.7000000000000001 2.5879396984924625 1.0393187172053772E-4
0.7000000000000001 2.5979899497487438 9.951167033758082E-5
0.7000000000000001 2.608040201005025 9.53021560494637E-5
0.7000000000000001 2.6180904522613067 9.129223376842216E-5
0.7000000000000001 2.628140703517588 8.747144655315143E-5
0.7000000000000001 2.6381909547738696 8.382993589549969E-5
0.7000000000000001 2.648241206030151 8.035840466030741E-5
0.7000000000000001 2.658291457286432 7.704808248938568E-5
0.7000000000000001 2.6683417085427137 7.389069349490119E-5
0.7000000000000001 2.678391959798995 7.087842608057269E-5
0.7000000000000001 2.6884422110552766 6.800390474117749E-5
0.7000000000000001 2.698492462311558 6.526016370200942E-5
0.7000000000000001 2.708542713567839 6.264062227019078E-5
0.7000000000000001 2.7185929648241207 6.013906177920375E-5
0.7000000000000001 2.728643216080402 5.774960401672903E-5
0.7000000000000001 2.7386934673366836 5.546669103392556E-5
0.7000000000000001 2.748743718592965 5.328506624171046E-5
0.7000000000000001 2.758793969849246 5.119975670644948E-5
0.7000000000000001 2.7688442211055277 4.920605656379821E-5
0.7000000000000001 2.778894472361809 4.7299511475277736E-5
0.7000000000000001 2.7889447236180906 4.5475904057569916E-5
0.7000000000000001 2.798994974874372 4.373124021950971E-5
0.7000000000000001 2.809045226130653 4.206173634636837E-5
0.7000000000000001 2.819095477386935 4.046380727529048E-5
0.7000000000000001 2.829145728643216 3.893405500969999E-5
0.7000000000000001 2.8391959798994977 3.746925812414573E-5
0.7000000000000001 2.849246231155779 3.6066361814444646E-5
0.7000000000000001 2.85929648241206 3.4722468551116394E-5
0.7000000000000001 2.869346733668342 3.343482929700875E-5
0.7000000000000001 2.879396984924623 3.2200835252707544E-5
0.7000000000000001 2.8894472361809047 3.10180100958209E-5
0.7000000000000001 2.899497487437186 2.9884002682544542E-5
0.7000000000000001 2.909547738693467 2.8796580182062783E-5
0.7000000000000001 2.919597989949749 2.775362161633481E-5
0.7000000000000001 2.92964824120603 2.67531117796659E-5
0.7000000000000001 2.9396984924623117 2.5793135514183983E-5
0.7000000000000001 2.949748743718593 2.4871872318937048E-5
0.7000000000000001 2.959798994974874 2.3987591271812604E-5
0.7000000000000001 2.969849246231156 2.3138646244858345E-5
0.7000000000000001 2.979899497487437 2.2323471394866964E-5
0.7000000000000001 2.9899497487437188 2.1540576912279613E-5
0.7000000000000001 3.0 2.078854501257383E-5
0.7000000000000001 3.0100502512562817 2.006602615533301E-5
0.7000000000000001 3.020100502512563 1.9371735477157602E-5
0.7000000000000001 3.030150753768844 1.8704449425472324E-5
0.7000000000000001 3.040201005025126 1.8063002581118556E-5
0.7000000000000001 3.050251256281407 1.744628465839791E-5
0.7000000000000001 3.0603015075376887 1.6853237671957093E-5
0.7000000000000001 3.07035175879397 1.6282853260579973E-5
0.7000000000000001 3.080402010050251 1.5734170158582122E-5
0.7000000000000001 3.090452261306533 1.5206271806090615E-5
0.7000000000000001 3.100502512562814 1.4698284090040162E-5
0.7000000000000001 3.1105527638190957 1.420937320822832E-5
0.7000000000000001 3.120603015075377 1.3738743649249962E-5
0.7000000000000001 3.130653266331658 1.3285636281577588E-5
0.7000000000000001 3.14070351758794 1.2849326545470626E-5
0.7000000000000001 3.150753768844221 1.242912274178634E-5
0.7000000000000001 3.1608040201005028 1.2024364412128755E-5
0.7000000000000001 3.170854271356784 1.163442080511266E-5
0.7000000000000001 3.180904522613065 1.1258689423837412E-5
0.7000000000000001 3.190954773869347 1.0896594649963356E-5
0.7000000000000001 3.201005025125628 1.0547586440062165E-5
0.7000000000000001 3.21105527638191 1.0211139090172508E-5
0.7000000000000001 3.221105527638191 9.886750064737361E-6
0.7000000000000001 3.2311557788944723 9.57393888632696E-6
0.7000000000000001 3.241206030150754 9.272246082765856E-6
0.7000000000000001 3.251256281407035 8.9812321884829E-6
0.7000000000000001 3.261306532663317 8.700476797090912E-6
0.7000000000000001 3.271356783919598 8.429577662378867E-6
0.7000000000000001 3.2814070351758793 8.168149845064593E-6
0.7000000000000001 3.291457286432161 7.91582490281092E-6
0.7000000000000001 3.301507537688442 7.672250121153288E-6
0.7000000000000001 3.311557788944724 7.437087783123389E-6
0.7000000000000001 3.321608040201005 7.210014475481094E-6
0.7000000000000001 3.3316582914572863 6.990720429587156E-6
0.7000000000000001 3.341708542713568 6.778908895061938E-6
0.7000000000000001 3.351758793969849 6.574295544481236E-6
0.7000000000000001 3.361809045226131 6.376607907459736E-6
0.7000000000000001 3.371859296482412 6.185584832566342E-6
0.7000000000000001 3.3819095477386933 6.0009759756030904E-6
0.7000000000000001 3.391959798994975 5.822541312862347E-6
0.7000000000000001 3.4020100502512562 5.650050678054416E-6
0.7000000000000001 3.412060301507538 5.483283321670703E-6
0.7000000000000001 3.422110552763819 5.322027491616482E-6
0.7000000000000001 3.4321608040201004 5.166080034011765E-6
0.7000000000000001 3.442211055276382 5.015246013119732E-6
0.7000000000000001 3.4522613065326633 4.869338349419439E-6
0.7000000000000001 3.462311557788945 4.728177474893368E-6
0.7000000000000001 3.472361809045226 4.591591004651355E-6
0.7000000000000001 3.4824120603015074 4.45941342406004E-6
0.7000000000000001 3.492462311557789 4.3314857905922745E-6
0.7000000000000001 3.5025125628140703 4.2076554496532784E-6
0.7000000000000001 3.512562814070352 4.087775763680351E-6
0.7000000000000001 3.522613065326633 3.971705853850856E-6
0.7000000000000001 3.5326633165829144 3.859310353768582E-6
0.7000000000000001 3.542713567839196 3.7504591745323245E-6
0.7000000000000001 3.5527638190954773 3.6450272806221433E-6
0.7000000000000001 3.562814070351759 3.5428944760685612E-6
0.7000000000000001 3.5728643216080402 3.443945200398366E-6
0.7000000000000001 3.5829145728643215 3.348068333877116E-6
0.7000000000000001 3.592964824120603 3.2551570115936365E-6
0.7000000000000001 3.6030150753768844 3.1651084459556514E-6
0.7000000000000001 3.613065326633166 3.0778237571879194E-6
0.7000000000000001 3.6231155778894473 2.9932078114456063E-6
0.7000000000000001 3.6331658291457285 2.911169066175512E-6
0.7000000000000001 3.64321608040201 2.8316194223767883E-6
0.7000000000000001 3.6532663316582914 2.7544740834305805E-6
0.7000000000000001 3.663316582914573 2.679651420184987E-6
0.7000000000000001 3.6733668341708543 2.6070728419977146E-6
0.7000000000000001 3.6834170854271355 2.536662673453894E-6
0.7000000000000001 3.693467336683417 2.4683480364908674E-6
0.7000000000000001 3.7035175879396984 2.402058737675276E-6
0.7000000000000001 3.71356783919598 2.3377271603905723E-6
0.7000000000000001 3.7236180904522613 2.275288161705247E-6
0.7000000000000001 3.7336683417085426 2.214678973703491E-6
0.7000000000000001 3.7437185929648242 2.15583910907091E-6
0.7000000000000001 3.7537688442211055 2.098710270738219E-6
0.7000000000000001 3.763819095477387 2.0432362653955423E-6
0.7000000000000001 3.7738693467336684 1.9893629206992407E-6
0.7000000000000001 3.7839195979899496 1.9370380060019044E-6
0.7000000000000001 3.7939698492462313 1.8862111564444588E-6
0.7000000000000001 3.8040201005025125 1.8368338002571968E-6
0.7000000000000001 3.814070351758794 1.788859089124012E-6
0.7000000000000001 3.8241206030150754 1.7422418314711526E-6
0.7000000000000001 3.8341708542713566 1.696938428548552E-6
0.7000000000000001 3.8442211055276383 1.6529068131781462E-6
0.7000000000000001 3.8542713567839195 1.6101063910496067E-6
0.7000000000000001 3.864321608040201 1.568497984449651E-6
0.7000000000000001 3.8743718592964824 1.5280437783165519E-6
0.7000000000000001 3.884422110552764 1.4887072685165867E-6
0.7000000000000001 3.8944723618090453 1.4504532122440853E-6
0.7000000000000001 3.9045226130653266 1.413247580451409E-6
0.7000000000000001 3.9145728643216082 1.3770575122195498E-6
0.7000000000000001 3.9246231155778895 1.3418512709843093E-6
0.7000000000000001 3.934673366834171 1.3075982025369293E-6
0.7000000000000001 3.9447236180904524 1.274268694721905E-6
0.7000000000000001 3.9547738693467336 1.2418341387582392E-6
0.7000000000000001 3.9648241206030153 1.2102668921138813E-6
0.7000000000000001 3.9748743718592965 1.1795402428663048E-6
0.7000000000000001 3.984924623115578 1.1496283754852748E-6
0.7000000000000001 3.9949748743718594 1.120506337976831E-6
0.7000000000000001 4.005025125628141 1.0921500103302478E-6
0.7000000000000001 4.015075376884422 1.0645360742124595E-6
0.7000000000000001 4.025125628140704 1.0376419838569131E-6
0.7000000000000001 4.035175879396985 1.0114459380962646E-6
0.7000000000000001 4.045226130653266 9.859268534905804E-7
0.7000000000000001 4.055276381909548 9.610643385049447E-7
0.7000000000000001 4.065326633165829 9.368386686923883E-7
0.7000000000000001 4.075376884422111 9.132307628400731E-7
0.7000000000000001 4.085427135678392 8.902221600385477E-7
0.7000000000000001 4.0954773869346734 8.677949976356465E-7
0.7000000000000001 4.105527638190955 8.459319900383632E-7
0.7000000000000001 4.115577889447236 8.246164083276231E-7
0.7000000000000001 4.125628140703518 8.038320606524281E-7
0.7000000000000001 4.135678391959799 7.835632733713545E-7
0.7000000000000001 4.1457286432160805 7.637948729107546E-7
0.7000000000000001 4.155778894472362 7.445121683103906E-7
0.7000000000000001 4.165829145728643 7.257009344284739E-7
0.7000000000000001 4.175879396984925 7.073473957793437E-7
0.7000000000000001 4.185929648241206 6.894382109781367E-7
0.7000000000000001 4.1959798994974875 6.719604577679533E-7
0.7000000000000001 4.206030150753769 6.5490161860605E-7
0.7000000000000001 4.21608040201005 6.382495667866219E-7
0.7000000000000001 4.226130653266332 6.219925530786872E-7
0.7000000000000001 4.236180904522613 6.061191928585145E-7
0.7000000000000001 4.2462311557788945 5.906184537169045E-7
0.7000000000000001 4.256281407035176 5.75479643522485E-7
0.7000000000000001 4.266331658291457 5.6069239892297E-7
0.7000000000000001 4.276381909547739 5.462466742670962E-7
0.7000000000000001 4.28643216080402 5.321327309306925E-7
0.7000000000000001 4.296482412060302 5.183411270310135E-7
0.7000000000000001 4.306532663316583 5.048627075141593E-7
0.7000000000000001 4.316582914572864 4.916885946010181E-7
0.7000000000000001 4.326633165829146 4.788101785777796E-7
0.7000000000000001 4.336683417085427 4.662191089176664E-7
0.7000000000000001 4.346733668341709 4.539072857210515E-7
0.7000000000000001 4.35678391959799 4.4186685146169446E-7
0.7000000000000001 4.366834170854271 4.3009018302731325E-7
0.7000000000000001 4.376884422110553 4.185698840432003E-7
0.7000000000000001 4.386934673366834 4.072987774680596E-7
0.7000000000000001 4.396984924623116 3.9626989845167157E-7
0.7000000000000001 4.407035175879397 3.854764874444357E-7
0.7000000000000001 4.417085427135678 3.749119835492266E-7
0.7000000000000001 4.42713567839196 3.645700181063979E-7
0.7000000000000001 4.437185929648241 3.5444440850314217E-7
0.7000000000000001 4.447236180904523 3.4452915219875636E-7
0.7000000000000001 4.457286432160804 3.348184209577201E-7
0.7000000000000001 4.467336683417085 3.253065552828045E-7
0.7000000000000001 4.477386934673367 3.159880590407479E-7
0.7000000000000001 4.4874371859296485 3.0685759427333313E-7
0.7000000000000001 4.49748743718593 2.9790997618698217E-7
0.7000000000000001 4.507537688442211 2.891401683142604E-7
0.7000000000000001 4.517587939698492 2.805432778409464E-7
0.7000000000000001 4.527638190954774 2.721145510925686E-7
0.7000000000000001 4.5376884422110555 2.638493691745528E-7
0.7000000000000001 4.547738693467337 2.5574324376035797E-7
0.7000000000000001 4.557788944723618 2.477918130221926E-7
0.7000000000000001 4.567839195979899 2.399908376991174E-7
0.7000000000000001 4.577889447236181 2.3233619729754573E-7
0.7000000000000001 4.5879396984924625 2.2482388641934194E-7
0.7000000000000001 4.597989949748744 2.1745001121290606E-7
0.7000000000000001 4.608040201005025 2.1021078594281386E-7
0.7000000000000001 4.618090452261306 2.0310252967374925E-7
0.7000000000000001 4.628140703517588 1.9612166306462968E-7
0.7000000000000001 4.63819095477387 1.8926470526898662E-7
0.7000000000000001 4.648241206030151 1.8252827093780818E-7
0.7000000000000001 4.658291457286432 1.7590906732120114E-7
0.7000000000000001 4.668341708542713 1.6940389146536371E-7
0.7000000000000001 4.678391959798995 1.6300962750149827E-7
0.7000000000000001 4.688442211055277 1.5672324402341533E-7
0.7000000000000001 4.698492462311558 1.505417915507094E-7
0.7000000000000001 4.708542713567839 1.4446240007449865E-7
0.7000000000000001 4.71859296482412 1.3848227668283723E-7
0.7000000000000001 4.728643216080402 1.3259870326301762E-7
0.7000000000000001 4.738693467336684 1.268090342780815E-7
0.7000000000000001 4.748743718592965 1.2111069461495977E-7
0.7000000000000001 4.758793969849246 1.1550117750175925E-7
0.7000000000000001 4.768844221105527 1.0997804249180333E-7
0.7000000000000001 4.778894472361809 1.0453891351212392E-7
0.7000000000000001 4.788944723618091 9.91814769741869E-8
0.7000000000000001 4.798994974874372 9.390347994471462E-8
0.7000000000000001 4.809045226130653 8.870272837454795E-8
0.7000000000000001 4.819095477386934 8.357708538356555E-8
0.7000000000000001 4.8291457286432165 7.852446959975031E-8
0.7000000000000001 4.839195979899498 7.354285355056274E-8
0.7000000000000001 4.849246231155779 6.86302621048488E-8
0.7000000000000001 4.85929648241206 6.378477096357203E-8
0.7000000000000001 4.869346733668341 5.9004505197724524E-8
0.7000000000000001 4.8793969849246235 5.428763783182781E-8
0.7000000000000001 4.889447236180905 4.963238847149418E-8
0.7000000000000001 4.899497487437186 4.5037021973572845E-8
0.7000000000000001 4.909547738693467 4.049984715745852E-8
0.7000000000000001 4.919597989949748 3.601921555619073E-8
0.7000000000000001 4.9296482412060305 3.159352020602143E-8
0.7000000000000001 4.939698492462312 2.7221194473175344E-8
0.7000000000000001 4.949748743718593 2.2900710916572325E-8
0.7000000000000001 4.959798994974874 1.8630580185325702E-8
0.7000000000000001 4.969849246231155 1.4409349949871302E-8
0.7000000000000001 4.9798994974874375 1.0235603865622884E-8
0.7000000000000001 4.989949748743719 6.107960568088551E-9
0.7000000000000001 5.0 2.0250726984195953E-9
0.7000000000000001 5.010050251256281 -2.014374041600124E-9