t F Q
1.0 -0.005025125628140704 0.0
1.0 0.005025125628140704 0.0
1.0 0.01507537688442211 0.0
1.0 0.02512562814070352 0.0
1.0 0.035175879396984924 0.0
1.0 0.04522613065326633 0.0
1.0 0.05527638190954774 0.0
1.0 0.06532663316582915 0.0
1.0 0.07537688442211056 0.0
1.0 0.08542713567839195 0.0
1.0 0.09547738693467336 0.0
1.0 0.10552763819095477 0.0
1.0 0.11557788944723618 0.0
1.0 0.12562814070351758 0.0
1.0 0.135678391959799 0.0
1.0 0.1457286432160804 0.0
1.0 0.15577889447236182 0.0
1.0 0.1658291457286432 0.0
1.0 0.17587939698492464 0.0
1.0 0.18592964824120603 0.0
1.0 0.19597989949748745 0.0
1.0 0.20603015075376885 0.0
1.0 0.21608040201005024 0.0
1.0 0.22613065326633167 0.0
1.0 0.23618090452261306 0.0
1.0 0.24623115577889448 0.0
1.0 0.2562814070351759 0.0
1.0 0.2663316582914573 0.0
1.0 0.2763819095477387 0.0
1.0 0.2864321608040201 0.0
1.0 0.2964824120603015 0.0
1.0 0.3065326633165829 0.0
1.0 0.3165829145728643 0.0
1.0 0.32663316582914576 0.0
1.0 0.33668341708542715 0.0
1.0 0.34673366834170855 0.0
1.0 0.35678391959798994 0.0
1.0 0.36683417085427134 0.0
1.0 0.3768844221105528 0.0
1.0 0.3869346733668342 0.0
1.0 0.3969849246231156 0.0
1.0 0.40703517587939697 0.0
1.0 0.4170854271356784 0.0
1.0 0.4271356783919598 0.0
1.0 0.4371859296482412 0.0
1.0 0.4472361809045226 0.0
1.0 0.457286432160804 0.0
1.0 0.46733668341708545 0.0
1.0 0.47738693467336685 0.0
1.0 0.48743718592964824 0.0
1.0 0.49748743718592964 0.0
1.0 0.507537688442211 0.0
1.0 0.5175879396984925 0.0
1.0 0.5276381909547738 0.0
1.0 0.5376884422110553 0.0
1.0 0.5477386934673367 0.0
1.0 0.5577889447236181 0.0
1.0 0.5678391959798995 0.0
1.0 0.577889447236181 0.0
1.0 0.5879396984924623 0.0
1.0 0.5979899497487438 0.0
1.0 0.6080402010050251 0.0
1.0 0.6180904522613065 0.0
1.0 0.628140703517588 0.0
1.0 0.6381909547738693 0.0
1.0 0.6482412060301508 0.0
1.0 0.6582914572864321 0.0
1.0 0.6683417085427136 0.0
1.0 0.678391959798995 0.0
1.0 0.6884422110552764 0.0
1.0 0.6984924623115578 0.0
1.0 0.7085427135678392 0.0
1.0 0.7185929648241206 0.0
1.0 0.7286432160804021 0.0
1.0 0.7386934673366834 0.0
1.0 0.7487437185929648 0.0
1.0 0.7587939698492463 0.0
1.0 0.7688442211055276 0.0
1.0 0.7788944723618091 0.0
1.0 0.7889447236180904 0.0
1.0 0.7989949748743719 0.0
1.0 0.8090452261306533 0.0
1.0 0.8190954773869347 0.0
1.0 0.8291457286432161 0.0
1.0 0.8391959798994975 0.0
1.0 0.8492462311557789 0.0
1.0 0.8592964824120604 0.0
1.0 0.8693467336683417 0.0
1.0 0.8793969849246231 0.0
1.0 0.8894472361809045 0.0
1.0 0.8994974874371859 0.0
1.0 0.9095477386934674 0.0
1.0 0.9195979899497487 0.0
1.0 0.9296482412060302 0.0
1.0 0.9396984924623115 0.0
1.0 0.949748743718593 0.0
1.0 0.9597989949748744 0.0
1.0 0.9698492462311558 0.0
1.0 0.9798994974874372 0.0
1.0 0.9899497487437187 0.0
1.0 1.0 99.5
1.0 1.0100502512562815 0.0
1.0 1.020100502512563 0.0
1.0 1.0301507537688441 0.0
1.0 1.0402010050251256 0.0
1.0 1.050251256281407 0.0
1.0 1.0603015075376885 0.0
1.0 1.07035175879397 0.0
1.0 1.0804020100502514 0.0
1.0 1.0904522613065326 0.0
1.0 1.100502512562814 0.0
1.0 1.1105527638190955 0.0
1.0 1.120603015075377 0.0
1.0 1.1306532663316584 0.0
1.0 1.1407035175879396 0.0
1.0 1.150753768844221 0.0
1.0 1.1608040201005025 0.0
1.0 1.170854271356784 0.0
1.0 1.1809045226130654 0.0
1.0 1.1909547738693467 0.0
1.0 1.2010050251256281 0.0
1.0 1.2110552763819096 0.0
1.0 1.221105527638191 0.0
1.0 1.2311557788944725 0.0
1.0 1.2412060301507537 0.0
1.0 1.2512562814070352 0.0
1.0 1.2613065326633166 0.0
1.0 1.271356783919598 0.0
1.0 1.2814070351758795 0.0
1.0 1.2914572864321607 0.0
1.0 1.3015075376884422 0.0
1.0 1.3115577889447236 0.0
1.0 1.321608040201005 0.0
1.0 1.3316582914572865 0.0
1.0 1.3417085427135678 0.0
1.0 1.3517587939698492 0.0
1.0 1.3618090452261307 0.0
1.0 1.3718592964824121 0.0
1.0 1.3819095477386936 0.0
1.0 1.3919597989949748 0.0
1.0 1.4020100502512562 0.0
1.0 1.4120603015075377 0.0
1.0 1.4221105527638191 0.0
1.0 1.4321608040201006 0.0
1.0 1.4422110552763818 0.0
1.0 1.4522613065326633 0.0
1.0 1.4623115577889447 0.0
1.0 1.4723618090452262 0.0
1.0 1.4824120603015076 0.0
1.0 1.4924623115577889 0.0
1.0 1.5025125628140703 0.0
1.0 1.5125628140703518 0.0
1.0 1.5226130653266332 0.0
1.0 1.5326633165829147 0.0
1.0 1.542713567839196 0.0
1.0 1.5527638190954773 0.0
1.0 1.5628140703517588 0.0
1.0 1.5728643216080402 0.0
1.0 1.5829145728643217 0.0
1.0 1.5929648241206031 0.0
1.0 1.6030150753768844 0.0
1.0 1.6130653266331658 0.0
1.0 1.6231155778894473 0.0
1.0 1.6331658291457287 0.0
1.0 1.6432160804020102 0.0
1.0 1.6532663316582914 0.0
1.0 1.6633165829145728 0.0
1.0 1.6733668341708543 0.0
1.0 1.6834170854271358 0.0
1.0 1.6934673366834172 0.0
1.0 1.7035175879396984 0.0
1.0 1.7135678391959799 0.0
1.0 1.7236180904522613 0.0
1.0 1.7336683417085428 0.0
1.0 1.7437185929648242 0.0
1.0 1.7537688442211055 0.0
1.0 1.763819095477387 0.0
1.0 1.7738693467336684 0.0
1.0 1.7839195979899498 0.0
1.0 1.7939698492462313 0.0
1.0 1.8040201005025125 0.0
1.0 1.814070351758794 0.0
1.0 1.8241206030150754 0.0
1.0 1.8341708542713568 0.0
1.0 1.8442211055276383 0.0
1.0 1.8542713567839195 0.0
1.0 1.864321608040201 0.0
1.0 1.8743718592964824 0.0
1.0 1.8844221105527639 0.0
1.0 1.8944723618090453 0.0
1.0 1.9045226130653266 0.0
1.0 1.914572864321608 0.0
1.0 1.9246231155778895 0.0
1.0 1.934673366834171 0.0
1.0 1.9447236180904524 0.0
1.0 1.9547738693467338 0.0
1.0 1.964824120603015 0.0
1.0 1.9748743718592965 0.0
1.0 1.984924623115578 0.0
1.0 1.9949748743718594 0.0
1.0 2.0050251256281406 0.0
1.0 2.0150753768844223 0.0
1.0 2.0251256281407035 0.0
1.0 2.0351758793969847 0.0
1.0 2.0452261306532664 0.0
1.0 2.0552763819095476 0.0
1.0 2.0653266331658293 0.0
1.0 2.0753768844221105 0.0
1.0 2.0854271356783918 0.0
1.0 2.0954773869346734 0.0
1.0 2.1055276381909547 0.0
1.0 2.1155778894472363 0.0
1.0 2.1256281407035176 0.0
1.0 2.135678391959799 0.0
1.0 2.1457286432160805 0.0
1.0 2.1557788944723617 0.0
1.0 2.1658291457286434 0.0
1.0 2.1758793969849246 0.0
1.0 2.1859296482412063 0.0
1.0 2.1959798994974875 0.0
1.0 2.2060301507537687 0.0
1.0 2.2160804020100504 0.0
1.0 2.2261306532663316 0.0
1.0 2.2361809045226133 0.0
1.0 2.2462311557788945 0.0
1.0 2.2562814070351758 0.0
1.0 2.2663316582914574 0.0
1.0 2.2763819095477387 0.0
1.0 2.2864321608040203 0.0
1.0 2.2964824120603016 0.0
1.0 2.306532663316583 0.0
1.0 2.3165829145728645 0.0
1.0 2.3266331658291457 0.0
1.0 2.3366834170854274 0.0
1.0 2.3467336683417086 0.0
1.0 2.35678391959799 0.0
1.0 2.3668341708542715 0.0
1.0 2.3768844221105527 0.0
1.0 2.3869346733668344 0.0
1.0 2.3969849246231156 0.0
1.0 2.407035175879397 0.0
1.0 2.4170854271356785 0.0
1.0 2.4271356783919598 0.0
1.0 2.4371859296482414 0.0
1.0 2.4472361809045227 0.0
1.0 2.457286432160804 0.0
1.0 2.4673366834170856 0.0
1.0 2.477386934673367 0.0
1.0 2.4874371859296485 0.0
1.0 2.4974874371859297 0.0
1.0 2.507537688442211 0.0
1.0 2.5175879396984926 0.0
1.0 2.527638190954774 0.0
1.0 2.5376884422110555 0.0
1.0 2.5477386934673367 0.0
1.0 2.557788944723618 0.0
1.0 2.5678391959798996 0.0
1.0 2.577889447236181 0.0
1.0 2.5879396984924625 0.0
1.0 2.5979899497487438 0.0
1.0 2.608040201005025 0.0
1.0 2.6180904522613067 0.0
1.0 2.628140703517588 0.0
1.0 2.6381909547738696 0.0
1.0 2.648241206030151 0.0
1.0 2.658291457286432 0.0
1.0 2.6683417085427137 0.0
1.0 2.678391959798995 0.0
1.0 2.6884422110552766 0.0
1.0 2.698492462311558 0.0
1.0 2.708542713567839 0.0
1.0 2.7185929648241207 0.0
1.0 2.728643216080402 0.0
1.0 2.7386934673366836 0.0
1.0 2.748743718592965 0.0
1.0 2.758793969849246 0.0
1.0 2.7688442211055277 0.0
1.0 2.778894472361809 0.0
1.0 2.7889447236180906 0.0
1.0 2.798994974874372 0.0
1.0 2.809045226130653 0.0
1.0 2.819095477386935 0.0
1.0 2.829145728643216 0.0
1.0 2.8391959798994977 0.0
1.0 2.849246231155779 0.0
1.0 2.85929648241206 0.0
1.0 2.869346733668342 0.0
1.0 2.879396984924623 0.0
1.0 2.8894472361809047 0.0
1.0 2.899497487437186 0.0
1.0 2.909547738693467 0.0
1.0 2.919597989949749 0.0
1.0 2.92964824120603 0.0
1.0 2.9396984924623117 0.0
1.0 2.949748743718593 0.0
1.0 2.959798994974874 0.0
1.0 2.969849246231156 0.0
1.0 2.979899497487437 0.0
1.0 2.9899497487437188 0.0
1.0 3.0 0.0
1.0 3.0100502512562817 0.0
1.0 3.020100502512563 0.0
1.0 3.030150753768844 0.0
1.0 3.040201005025126 0.0
1.0 3.050251256281407 0.0
1.0 3.0603015075376887 0.0
1.0 3.07035175879397 0.0
1.0 3.080402010050251 0.0
1.0 3.090452261306533 0.0
1.0 3.100502512562814 0.0
1.0 3.1105527638190957 0.0
1.0 3.120603015075377 0.0
1.0 3.130653266331658 0.0
1.0 3.14070351758794 0.0
1.0 3.150753768844221 0.0
1.0 3.1608040201005028 0.0
1.0 3.170854271356784 0.0
1.0 3.180904522613065 0.0
1.0 3.190954773869347 0.0
1.0 3.201005025125628 0.0
1.0 3.21105527638191 0.0
1.0 3.221105527638191 0.0
1.0 3.2311557788944723 0.0
1.0 3.241206030150754 0.0
1.0 3.251256281407035 0.0
1.0 3.261306532663317 0.0
1.0 3.271356783919598 0.0
1.0 3.2814070351758793 0.0
1.0 3.291457286432161 0.0
1.0 3.301507537688442 0.0
1.0 3.311557788944724 0.0
1.0 3.321608040201005 0.0
1.0 3.3316582914572863 0.0
1.0 3.341708542713568 0.0
1.0 3.351758793969849 0.0
1.0 3.361809045226131 0.0
1.0 3.371859296482412 0.0
1.0 3.3819095477386933 0.0
1.0 3.391959798994975 0.0
1.0 3.4020100502512562 0.0
1.0 3.412060301507538 0.0
1.0 3.422110552763819 0.0
1.0 3.4321608040201004 0.0
1.0 3.442211055276382 0.0
1.0 3.4522613065326633 0.0
1.0 3.462311557788945 0.0
1.0 3.472361809045226 0.0
1.0 3.4824120603015074 0.0
1.0 3.492462311557789 0.0
1.0 3.5025125628140703 0.0
1.0 3.512562814070352 0.0
1.0 3.522613065326633 0.0
1.0 3.5326633165829144 0.0
1.0 3.542713567839196 0.0
1.0 3.5527638190954773 0.0
1.0 3.562814070351759 0.0
1.0 3.5728643216080402 0.0
1.0 3.5829145728643215 0.0
1.0 3.592964824120603 0.0
1.0 3.6030150753768844 0.0
1.0 3.613065326633166 0.0
1.0 3.6231155778894473 0.0
1.0 3.6331658291457285 0.0
1.0 3.64321608040201 0.0
1.0 3.6532663316582914 0.0
1.0 3.663316582914573 0.0
1.0 3.6733668341708543 0.0
1.0 3.6834170854271355 0.0
1.0 3.693467336683417 0.0
1.0 3.7035175879396984 0.0
1.0 3.71356783919598 0.0
1.0 3.7236180904522613 0.0
1.0 3.7336683417085426 0.0
1.0 3.7437185929648242 0.0
1.0 3.7537688442211055 0.0
1.0 3.763819095477387 0.0
1.0 3.7738693467336684 0.0
1.0 3.7839195979899496 0.0
1.0 3.7939698492462313 0.0
1.0 3.8040201005025125 0.0
1.0 3.814070351758794 0.0
1.0 3.8241206030150754 0.0
1.0 3.8341708542713566 0.0
1.0 3.8442211055276383 0.0
1.0 3.8542713567839195 0.0
1.0 3.864321608040201 0.0
1.0 3.8743718592964824 0.0
1.0 3.884422110552764 0.0
1.0 3.8944723618090453 0.0
1.0 3.9045226130653266 0.0
1.0 3.9145728643216082 0.0
1.0 3.9246231155778895 0.0
1.0 3.934673366834171 0.0
1.0 3.9447236180904524 0.0
1.0 3.9547738693467336 0.0
1.0 3.9648241206030153 0.0
1.0 3.9748743718592965 0.0
1.0 3.984924623115578 0.0
1.0 3.9949748743718594 0.0
1.0 4.005025125628141 0.0
1.0 4.015075376884422 0.0
1.0 4.025125628140704 0.0
1.0 4.035175879396985 0.0
1.0 4.045226130653266 0.0
1.0 4.055276381909548 0.0
1.0 4.065326633165829 0.0
1.0 4.075376884422111 0.0
1.0 4.085427135678392 0.0
1.0 4.0954773869346734 0.0
1.0 4.105527638190955 0.0
1.0 4.115577889447236 0.0
1.0 4.125628140703518 0.0
1.0 4.135678391959799 0.0
1.0 4.1457286432160805 0.0
1.0 4.155778894472362 0.0
1.0 4.165829145728643 0.0
1.0 4.175879396984925 0.0
1.0 4.185929648241206 0.0
1.0 4.1959798994974875 0.0
1.0 4.206030150753769 0.0
1.0 4.21608040201005 0.0
1.0 4.226130653266332 0.0
1.0 4.236180904522613 0.0
1.0 4.2462311557788945 0.0
1.0 4.256281407035176 0.0
1.0 4.266331658291457 0.0
1.0 4.276381909547739 0.0
1.0 4.28643216080402 0.0
1.0 4.296482412060302 0.0
1.0 4.306532663316583 0.0
1.0 4.316582914572864 0.0
1.0 4.326633165829146 0.0
1.0 4.336683417085427 0.0
1.0 4.346733668341709 0.0
1.0 4.35678391959799 0.0
1.0 4.366834170854271 0.0
1.0 4.376884422110553 0.0
1.0 4.386934673366834 0.0
1.0 4.396984924623116 0.0
1.0 4.407035175879397 0.0
1.0 4.417085427135678 0.0
1.0 4.42713567839196 0.0
1.0 4.437185929648241 0.0
1.0 4.447236180904523 0.0
1.0 4.457286432160804 0.0
1.0 4.467336683417085 0.0
1.0 4.477386934673367 0.0
1.0 4.4874371859296485 0.0
1.0 4.49748743718593 0.0
1.0 4.507537688442211 0.0
1.0 4.517587939698492 0.0
1.0 4.527638190954774 0.0
1.0 4.5376884422110555 0.0
1.0 4.547738693467337 0.0
1.0 4.557788944723618 0.0
1.0 4.567839195979899 0.0
1.0 4.577889447236181 0.0
1.0 4.5879396984924625 0.0
1.0 4.597989949748744 0.0
1.0 4.608040201005025 0.0
1.0 4.618090452261306 0.0
1.0 4.628140703517588 0.0
1.0 4.63819095477387 0.0
1.0 4.648241206030151 0.0
1.0 4.658291457286432 0.0
1.0 4.668341708542713 0.0
1.0 4.678391959798995 0.0
1.0 4.688442211055277 0.0
1.0 4.698492462311558 0.0
1.0 4.708542713567839 0.0
1.0 4.71859296482412 0.0
1.0 4.728643216080402 0.0
1.0 4.738693467336684 0.0
1.0 4.748743718592965 0.0
1.0 4.758793969849246 0.0
1.0 4.768844221105527 0.0
1.0 4.778894472361809 0.0
1.0 4.788944723618091 0.0
1.0 4.798994974874372 0.0
1.0 4.809045226130653 0.0
1.0 4.819095477386934 0.0
1.0 4.8291457286432165 0.0
1.0 4.839195979899498 0.0
1.0 4.849246231155779 0.0
1.0 4.85929648241206 0.0
1.0 4.869346733668341 0.0
1.0 4.8793969849246235 0.0
1.0 4.889447236180905 0.0
1.0 4.899497487437186 0.0
1.0 4.909547738693467 0.0
1.0 4.919597989949748 0.0
1.0 4.9296482412060305 0.0
1.0 4.939698492462312 0.0
1.0 4.949748743718593 0.0
1.0 4.959798994974874 0.0
1.0 4.969849246231155 0.0
1.0 4.9798994974874375 0.0
1.0 4.989949748743719 0.0
1.0 5.0 0.0
1.0 5.010050251256281 0.0

0.99921875 -0.005025125628140704 -3.319336993797191E-55
0.99921875 0.005025125628140704 3.319336993797191E-55
0.99921875 0.01507537688442211 1.3776007585302974E-54
0.99921875 0.02512562814070352 4.6480420664937434E-54
0.99921875 0.035175879396984924 1.481747343189404E-53
0.99921875 0.04522613065326633 4.553190978233425E-53
0.99921875 0.05527638190954774 1.3616659822886164E-52
0.99921875 0.06532663316582915 3.988246645778543E-52
0.99921875 0.07537688442211056 1.1492597766205219E-51
0.99921875 0.08542713567839195 3.2693327037555124E-51
0.99921875 0.09547738693467336 9.205697319403739E-51
0.99921875 0.10552763819095477 2.5711811991778403E-50
0.99921875 0.11557788944723618 7.135785024236723E-50
0.99921875 0.12562814070351758 1.9706699460939446E-49
0.99921875 0.135678391959799 5.422304287024113E-49
0.99921875 0.1457286432160804 1.4880326040184147E-48
0.99921875 0.15577889447236182 4.076633582376841E-48
0.99921875 0.1658291457286432 1.1158521248105602E-47
0.99921875 0.17587939698492464 3.0538254686781915E-47
0.99921875 0.18592964824120603 8.36180215647791E-47
0.99921875 0.19597989949748745 2.2920980816816296E-46
0.99921875 0.20603015075376885 6.293351345052062E-46
0.99921875 0.21608040201005024 1.7316727629815886E-45
0.99921875 0.22613065326633167 4.7773703669627767E-45
0.99921875 0.23618090452261306 1.3220329794018983E-44
0.99921875 0.24623115577889448 3.6711811677144535E-44
0.99921875 0.2562814070351759 1.0234102363937289E-43
0.99921875 0.2663316582914573 2.865075852904724E-43
0.99921875 0.2763819095477387 8.057862156933466E-43
0.99921875 0.2864321608040201 2.277454295937105E-42
0.99921875 0.2964824120603015 6.470966136239583E-42
0.99921875 0.3065326633165829 1.8489157605848847E-41
0.99921875 0.3165829145728643 5.314086656724552E-41
0.99921875 0.32663316582914576 1.5368631908213079E-40
0.99921875 0.33668341708542715 4.4736857367065725E-40
0.99921875 0.34673366834170855 1.3111292628402012E-39
0.99921875 0.35678391959798994 3.8698954663347005E-39
0.99921875 0.36683417085427134 1.1506644452669133E-38
0.99921875 0.3768844221105528 3.447579977356335E-38
0.99921875 0.3869346733668342 1.0411548021391273E-37
0.99921875 0.3969849246231156 3.170074860823477E-37
0.99921875 0.40703517587939697 9.734058717153514E-37
0.99921875 0.4170854271356784 3.015121273467843E-36
0.99921875 0.4271356783919598 9.423612698143756E-36
0.99921875 0.4371859296482412 2.972670170024054E-35
0.99921875 0.4472361809045226 9.466882206401623E-35
0.99921875 0.457286432160804 3.0444720640771516E-34
0.99921875 0.46733668341708545 9.889518740355312E-34
0.99921875 0.47738693467336685 3.2457076755707006E-33
0.99921875 0.48743718592964824 1.0765326737967177E-32
0.99921875 0.49748743718592964 3.609446456789571E-32
0.99921875 0.507537688442211 1.2236607703346777E-31
0.99921875 0.5175879396984925 4.195651134663779E-31
0.99921875 0.5276381909547738 1.4553442588320993E-30
0.99921875 0.5376884422110553 5.1082180401950294E-30
0.99921875 0.5477386934673367 1.814758015833921E-29
0.99921875 0.5577889447236181 6.527106919401593E-29
0.99921875 0.5678391959798995 2.3772843844180273E-28
0.99921875 0.577889447236181 8.77008926328292E-28
0.99921875 0.5879396984924623 3.277868245938306E-27
0.99921875 0.5979899497487438 1.2414907313856763E-26
0.99921875 0.6080402010050251 4.7660358326931526E-26
0.99921875 0.6180904522613065 1.854929088141134E-25
0.99921875 0.628140703517588 7.320562632244934E-25
0.99921875 0.6381909547738693 2.9301903287728647E-24
0.99921875 0.6482412060301508 1.1897730038667498E-23
0.99921875 0.6582914572864321 4.9014777142089774E-23
0.99921875 0.6683417085427136 2.0490698215898503E-22
0.99921875 0.678391959798995 8.693991483491283E-22
0.99921875 0.6884422110552764 3.7443235288817665E-21
0.99921875 0.6984924623115578 1.6370821895180923E-20
0.99921875 0.7085427135678392 7.266968553311069E-20
0.99921875 0.7185929648241206 3.2753300743453786E-19
0.99921875 0.7286432160804021 1.4989903943738268E-18
0.99921875 0.7386934673366834 6.966205986335431E-18
0.99921875 0.7487437185929648 3.2873569497211696E-17
0.99921875 0.7587939698492463 1.5752031307265327E-16
0.99921875 0.7688442211055276 7.663674787233845E-16
0.99921875 0.7788944723618091 3.7853365562550745E-15
0.99921875 0.7889447236180904 1.8979220675316738E-14
0.99921875 0.7989949748743719 9.65785059971485E-14
0.99921875 0.8090452261306533 4.986706294905565E-13
0.99921875 0.8190954773869347 2.6119291404148997E-12
0.99921875 0.8291457286432161 1.3873482705529827E-11
0.99921875 0.8391959798994975 7.470101569545481E-11
0.99921875 0.8492462311557789 4.075699581216517E-10
0.99921875 0.8592964824120604 2.252199433411658E-9
0.99921875 0.8693467336683417 1.2598271918652448E-8
0.99921875 0.8793969849246231 7.129525877554163E-8
0.99921875 0.8894472361809045 4.0792225310092946E-7
0.99921875 0.8994974874371859 2.3580783370746274E-6
0.99921875 0.9095477386934674 1.376182024449159E-5
0.99921875 0.9195979899497487 8.101759602934632E-5
0.99921875 0.9296482412060302 4.807227872837082E-4
0.99921875 0.9396984924623115 0.0028722760836279036
0.99921875 0.949748743718593 0.017264641468728338
0.99921875 0.9597989949748744 0.10429269646831851
0.99921875 0.9698492462311558 0.6325042403852436
0.99921875 0.9798994974874372 3.8469799293808613
0.99921875 0.9899497487437187 23.439319085547908
0.99921875 1.0 43.4068350552173
0.99921875 1.0100502512562815 23.447717141328337
0.99921875 1.020100502512563 3.845940322099469
0.99921875 1.0301507537688441 0.6313236781490811
0.99921875 1.0402010050251256 0.10383546576297382
0.99921875 1.050251256281407 0.01713082382400675
0.99921875 1.0603015075376885 0.0028381784761056105
0.99921875 1.07035175879397 4.7272914159406814E-4
0.99921875 1.0804020100502514 7.924429794330423E-5
0.99921875 1.0904522613065326 1.3383361292274537E-5
0.99921875 1.100502512562814 2.279538056350394E-6
0.99921875 1.1105527638190955 3.9195668221733595E-7
0.99921875 1.120603015075377 6.809955346001784E-8
0.99921875 1.1306532663316584 1.1966012355986458E-8
0.99921875 1.1407035175879396 2.128212351408414E-9
0.99921875 1.150753768844221 3.8342323099773964E-10
0.99921875 1.1608040201005025 7.00249820131836E-11
0.99921875 1.170854271356784 1.2972598467842273E-11
0.99921875 1.1809045226130654 2.439290425070342E-12
0.99921875 1.1909547738693467 4.658013732543812E-13
0.99921875 1.2010050251256281 9.03757987656715E-14
0.99921875 1.2110552763819096 1.7824067475556078E-14
0.99921875 1.221105527638191 3.574623618025626E-15
0.99921875 1.2311557788944725 7.292314665852054E-16
0.99921875 1.2412060301507537 1.5136759490613763E-16
0.99921875 1.2512562814070352 3.197663981050394E-17
0.99921875 1.2613065326633166 6.876149656366392E-18
0.99921875 1.271356783919598 1.5053306527448825E-18
0.99921875 1.2814070351758795 3.3553403601246736E-19
0.99921875 1.2914572864321607 7.615299962797989E-20
0.99921875 1.3015075376884422 1.759931283845701E-20
0.99921875 1.3115577889447236 4.1415334133944024E-21
0.99921875 1.321608040201005 9.923594625229779E-22
0.99921875 1.3316582914572865 2.420990576218794E-22
0.99921875 1.3417085427135678 6.013074090301195E-23
0.99921875 1.3517587939698492 1.5203123184031555E-23
0.99921875 1.3618090452261307 3.9124298900172345E-24
0.99921875 1.3718592964824121 1.0246479599342509E-24
0.99921875 1.3819095477386936 2.7305305734255952E-25
0.99921875 1.3919597989949748 7.402652972573047E-26
0.99921875 1.4020100502512562 2.041333859208983E-26
0.99921875 1.4120603015075377 5.724539997293896E-27
0.99921875 1.4221105527638191 1.63221210427098E-27
0.99921875 1.4321608040201006 4.730729428781947E-28
0.99921875 1.4422110552763818 1.3934721443031083E-28
0.99921875 1.4522613065326633 4.1704976132462014E-29
0.99921875 1.4623115577889447 1.267931084768757E-29
0.99921875 1.4723618090452262 3.91488363747071E-30
0.99921875 1.4824120603015076 1.227308103020201E-30
0.99921875 1.4924623115577889 3.9056666385464107E-31
0.99921875 1.5025125628140703 1.2613580059924943E-31
0.99921875 1.5125628140703518 4.1331177224622503E-32
0.99921875 1.5226130653266332 1.3737509924500206E-32
0.99921875 1.5326633165829147 4.630458429413191E-33
0.99921875 1.542713567839196 1.5824173726996184E-33
0.99921875 1.5527638190954773 5.481446455187587E-34
0.99921875 1.5628140703517588 1.9241689012900775E-34
0.99921875 1.5728643216080402 6.843256624321378E-35
0.99921875 1.5829145728643217 2.465204095255946E-35
0.99921875 1.5929648241206031 8.993180635180245E-36
0.99921875 1.6030150753768844 3.3215848676117975E-36
0.99921875 1.6130653266331658 1.2417996733718323E-36
0.99921875 1.6231155778894473 4.6982468291370435E-37
0.99921875 1.6331658291457287 1.798471742818343E-37
0.99921875 1.6432160804020102 6.964048837058769E-38
0.99921875 1.6532663316582914 2.7272115648884477E-38
0.99921875 1.6633165829145728 1.0799028281809958E-38
0.99921875 1.6733668341708543 4.322857621566559E-39
0.99921875 1.6834170854271358 1.7490038494554702E-39
0.99921875 1.6934673366834172 7.150871312922589E-40
0.99921875 1.7035175879396984 2.9538736747769976E-40
0.99921875 1.7135678391959799 1.232558778472942E-40
0.99921875 1.7236180904522613 5.194284566469499E-41
0.99921875 1.7336683417085428 2.2103824808240708E-41
0.99921875 1.7437185929648242 9.496323803716593E-42
0.99921875 1.7537688442211055 4.118265773935789E-42
0.99921875 1.763819095477387 1.8024778399162684E-42
0.99921875 1.7738693467336684 7.960671147012433E-43
0.99921875 1.7839195979899498 3.547175039772072E-43
0.99921875 1.7939698492462313 1.5944071886260072E-43
0.99921875 1.8040201005025125 7.228222883801723E-44
0.99921875 1.814070351758794 3.304554590165942E-44
0.99921875 1.8241206030150754 1.5232749314879845E-44
0.99921875 1.8341708542713568 7.078869410781222E-45
0.99921875 1.8442211055276383 3.315945623831977E-45
0.99921875 1.8542713567839195 1.5654809983945328E-45
0.99921875 1.864321608040201 7.447755945008752E-46
0.99921875 1.8743718592964824 3.570112862855343E-46
0.99921875 1.8844221105527639 1.7240912164879418E-46
0.99921875 1.8944723618090453 8.386958186652522E-47
0.99921875 1.9045226130653266 4.1092261554793483E-47
0.99921875 1.914572864321608 2.0275590672880793E-47
0.99921875 1.9246231155778895 1.0073784099872516E-47
0.99921875 1.934673366834171 5.03925465661096E-48
0.99921875 1.9447236180904524 2.5377247996147825E-48
0.99921875 1.9547738693467338 1.2864069947827694E-48
0.99921875 1.964824120603015 6.563267118043739E-49
0.99921875 1.9748743718592965 3.3699448536377353E-49
0.99921875 1.984924623115578 1.74116834122579E-49
0.99921875 1.9949748743718594 9.051680254089545E-50
0.99921875 2.0050251256281406 4.734175044610089E-50
0.99921875 2.0150753768844223 2.490825035659919E-50
0.99921875 2.0251256281407035 1.3182081666538268E-50
0.99921875 2.0351758793969847 7.016581969939625E-51
0.99921875 2.0452261306532664 3.756019884612006E-51
0.99921875 2.0552763819095476 2.021862142837642E-51
0.99921875 2.0653266331658293 1.0943547285607328E-51
0.99921875 2.0753768844221105 5.955386841948628E-52
0.99921875 2.0854271356783918 3.258143987096984E-52
0.99921875 2.0954773869346734 1.79185533159725E-52
0.99921875 2.1055276381909547 9.905415165244386E-53
0.99921875 2.1155778894472363 5.503575493525112E-53
0.99921875 2.1256281407035176 3.073164715489374E-53
0.99921875 2.135678391959799 1.7244963397786387E-53
0.99921875 2.1457286432160805 9.723929377285045E-54
0.99921875 2.1557788944723617 5.509251746724158E-54
0.99921875 2.1658291457286434 3.136054634544531E-54
0.99921875 2.1758793969849246 1.7934295358936574E-54
0.99921875 2.1859296482412063 1.0303027281953309E-54
0.99921875 2.1959798994974875 5.945603755597527E-55
0.99921875 2.2060301507537687 3.446267580234849E-55
0.99921875 2.2160804020100504 2.0062999594641944E-55
0.99921875 2.2261306532663316 1.173029823897962E-55
0.99921875 2.2361809045226133 6.887499759468964E-56
0.99921875 2.2462311557788945 4.0609445823113566E-56
0.99921875 2.2562814070351758 2.404249574874478E-56
0.99921875 2.2663316582914574 1.429202143086531E-56
0.99921875 2.2763819095477387 8.529911045067009E-57
0.99921875 2.2864321608040203 5.111021081959261E-57
0.99921875 2.2964824120603016 3.074391988683681E-57
0.99921875 2.306532663316583 1.8564178659471757E-57
0.99921875 2.3165829145728645 1.125211493743962E-57
0.99921875 2.3266331658291457 6.845606514221089E-58
0.99921875 2.3366834170854274 4.1801023994051524E-58
0.99921875 2.3467336683417086 2.5617539305572207E-58
0.99921875 2.35678391959799 1.5755859590568013E-58
0.99921875 2.3668341708542715 9.72478690651364E-59
0.99921875 2.3768844221105527 6.023249878792753E-59
0.99921875 2.3869346733668344 3.743469859045483E-59
0.99921875 2.3969849246231156 2.3344830627932804E-59
0.99921875 2.407035175879397 1.4606987589388792E-59
0.99921875 2.4170854271356785 9.16991092770236E-60
0.99921875 2.4271356783919598 5.775444643035811E-60
0.99921875 2.4371859296482414 3.6492469589429967E-60
0.99921875 2.4472361809045227 2.313133019752994E-60
0.99921875 2.457286432160804 1.4708209777222953E-60
0.99921875 2.4673366834170856 9.381310821140323E-61
0.99921875 2.477386934673367 6.001982131265997E-61
0.99921875 2.4874371859296485 3.851559394411545E-61
0.99921875 2.4974874371859297 2.4789786841292255E-61
0.99921875 2.507537688442211 1.60024740528394E-61
0.99921875 2.5175879396984926 1.036009544795457E-61
0.99921875 2.527638190954774 6.726468072238987E-62
0.99921875 2.5376884422110555 4.379674226360992E-62
0.99921875 2.5477386934673367 2.859649990869949E-62
0.99921875 2.557788944723618 1.8723434743701068E-62
0.99921875 2.5678391959798996 1.2292641103893094E-62
0.99921875 2.577889447236181 8.092405641639061E-63
0.99921875 2.5879396984924625 5.341568631684044E-63
0.99921875 2.5979899497487438 3.53512611745189E-63
0.99921875 2.608040201005025 2.3456995223446468E-63
0.99921875 2.6180904522613067 1.560478828488565E-63
0.99921875 2.628140703517588 1.040754520711351E-63
0.99921875 2.6381909547738696 6.958742455944578E-64
0.99921875 2.648241206030151 4.664365518231703E-64
0.99921875 2.658291457286432 3.134160814758047E-64
0.99921875 2.6683417085427137 2.111079568162543E-64
0.99921875 2.678391959798995 1.4253794498250328E-64
0.99921875 2.6884422110552766 9.646884619885258E-65
0.99921875 2.698492462311558 6.544292535497924E-65
0.99921875 2.708542713567839 4.449855118302399E-65
0.99921875 2.7185929648241207 3.0326709184174386E-65
0.99921875 2.728643216080402 2.071523356913359E-65
0.99921875 2.7386934673366836 1.418170918528866E-65
0.99921875 2.748743718592965 9.73040112741577E-66
0.99921875 2.758793969849246 6.690918586370649E-66
0.99921875 2.7688442211055277 4.610872906285465E-66
0.99921875 2.778894472361809 3.184290619020424E-66
0.99921875 2.7889447236180906 2.2037599120434214E-66
0.99921875 2.798994974874372 1.5283680413980584E-66
0.99921875 2.809045226130653 1.0621697077527738E-66
0.99921875 2.819095477386935 7.396947339802468E-67
0.99921875 2.829145728643216 5.1617182991285054E-67
0.99921875 2.8391959798994977 3.609191108055875E-67
0.99921875 2.849246231155779 2.5286577822623795E-67
0.99921875 2.85929648241206 1.7751120334210482E-67
0.99921875 2.869346733668342 1.2485561496962877E-67
0.99921875 2.879396984924623 8.798896116709311E-68
0.99921875 2.8894472361809047 6.212657881625957E-68
0.99921875 2.899497487437186 4.394882675994013E-68
0.99921875 2.909547738693467 3.114793942155429E-68
0.99921875 2.919597989949749 2.21164418928762E-68
0.99921875 2.92964824120603 1.5732470745741625E-68
0.99921875 2.9396984924623117 1.1211566532078247E-68
0.99921875 2.949748743718593 8.004153841609916E-69
0.99921875 2.959798994974874 5.724486111092227E-69
0.99921875 2.969849246231156 4.101302797357829E-69
0.99921875 2.979899497487437 2.943498523420489E-69
0.99921875 2.9899497487437188 2.1161916146492717E-69
0.99921875 3.0 1.5240105050104563E-69
0.99921875 3.0100502512562817 1.0993993276420311E-69
0.99921875 3.020100502512563 7.944203154481522E-70
0.99921875 3.030150753768844 5.749969205876389E-70
0.99921875 3.040201005025126 4.1686365468027426E-70
0.99921875 3.050251256281407 3.027115633516291E-70
0.99921875 3.0603015075376887 2.2017280881034183E-70
0.99921875 3.07035175879397 1.6039520000291895E-70
0.99921875 3.080402010050251 1.1703222903683983E-70
0.99921875 3.090452261306533 8.55262664634955E-71
0.99921875 3.100502512562814 6.259895311475186E-71
0.99921875 3.1105527638190957 4.588828479495618E-71
0.99921875 3.120603015075377 3.3689730973365098E-71
0.99921875 3.130653266331658 2.4771258609377884E-71
0.99921875 3.14070351758794 1.8240945597531156E-71
0.99921875 3.150753768844221 1.3452078118264147E-71
0.99921875 3.1608040201005028 9.935008990304221E-72
0.99921875 3.170854271356784 7.348152678740306E-72
0.99921875 3.180904522613065 5.442686892168967E-72
0.99921875 3.190954773869347 4.0370871793806053E-72
0.99921875 3.201005025125628 2.998726809846587E-72
0.99921875 3.21105527638191 2.2305612208459596E-72
0.99921875 3.221105527638191 1.6614772864634153E-72
0.99921875 3.2311557788944723 1.239288163107369E-72
0.99921875 3.241206030150754 9.25640850314869E-73
0.99921875 3.251256281407035 6.92308710715576E-73
0.99921875 3.261306532663317 5.184883153106177E-73
0.99921875 3.271356783919598 3.8882567387469724E-73
0.99921875 3.2814070351758793 2.919729572600388E-73
0.99921875 3.291457286432161 2.1953161725767324E-73
0.99921875 3.301507537688442 1.6527735656548254E-73
0.99921875 3.311557788944724 1.2459098379309689E-73
0.99921875 3.321608040201005 9.403987670059725E-74
0.99921875 3.3316582914572863 7.106977316293673E-74
0.99921875 3.341708542713568 5.3777495457102686E-74
0.99921875 3.351758793969849 4.074312725606992E-74
0.99921875 3.361809045226131 3.0905923929466058E-74
0.99921875 3.371859296482412 2.3472436821811864E-74
0.99921875 3.3819095477386933 1.7848398422348798E-74
0.99921875 3.391959798994975 1.3588156944545752E-74
0.99921875 3.4020100502512562 1.035708983307789E-74
0.99921875 3.412060301507538 7.903628673791208E-75
0.99921875 3.422110552763819 6.038411020469013E-75
0.99921875 3.4321608040201004 4.61872372163329E-75
0.99921875 3.442211055276382 3.5368800582307403E-75
0.99921875 3.4522613065326633 2.7115250838778807E-75
0.99921875 3.462311557788945 2.0811233792965185E-75
0.99921875 3.472361809045226 1.5990754170373172E-75
0.99921875 3.4824120603015074 1.2300507751592747E-75
0.99921875 3.492462311557789 9.472316650640273E-76
0.99921875 3.5025125628140703 7.302382902799549E-76
0.99921875 3.512562814070352 5.635655203732726E-76
0.99921875 3.522613065326633 4.3540346905540396E-76
0.99921875 3.5326633165829144 3.367466582423533E-76
0.99921875 3.542713567839196 2.607203729482104E-76
0.99921875 3.5527638190954773 2.020706668149272E-76
0.99921875 3.562814070351759 1.5677782010732232E-76
0.99921875 3.5728643216080402 1.2176303372484781E-76
0.99921875 3.5829145728643215 9.466561939418643E-77
0.99921875 3.592964824120603 7.367355301759048E-77
0.99921875 3.6030150753768844 5.739446769133059E-77
0.99921875 3.613065326633166 4.475732705787393E-77
0.99921875 3.6231155778894473 3.4937400763608205E-77
0.99921875 3.6331658291457285 2.7298957689758875E-77
0.99921875 3.64321608040201 2.135144565412923E-77
0.99921875 3.6532663316582914 1.6715947940244493E-77
0.99921875 3.663316582914573 1.3099479315869044E-77
0.99921875 3.6733668341708543 1.0275268660561521E-77
0.99921875 3.6834170854271355 8.067618108407182E-78
0.99921875 3.693467336683417 6.340264434147265E-78
0.99921875 3.7035175879396984 4.98742338393387E-78
0.99921875 3.71356783919598 3.9268914483386545E-78
0.99921875 3.7236180904522613 3.094727030491723E-78
0.99921875 3.7336683417085426 2.4411452763437104E-78
0.99921875 3.7437185929648242 1.9273464716703761E-78
0.99921875 3.7537688442211055 1.523063275802085E-78
0.99921875 3.763819095477387 1.2046620056982597E-78
0.99921875 3.7738693467336684 9.536713835854019E-79
0.99921875 3.7839195979899496 7.556414083067357E-79
0.99921875 3.7939698492462313 5.992574256676889E-79
0.99921875 3.8040201005025125 4.7565166951524995E-79
0.99921875 3.814070351758794 3.7786775123972794E-79
0.99921875 3.8241206030150754 3.0044372689502734E-79
0.99921875 3.8341708542713566 2.3908718234568782E-79
0.99921875 3.8442211055276383 1.9042179315973352E-79
0.99921875 3.8542713567839195 1.5178945431084327E-79
0.99921875 3.864321608040201 1.2109565418136131E-79
0.99921875 3.8743718592964824 9.66885322561639E-80
0.99921875 3.884422110552764 7.726419764648976E-80
0.99921875 3.8944723618090453 6.179253999360045E-80
0.99921875 3.9045226130653266 4.945904585386596E-80
0.99921875 3.9145728643216082 3.9619127314213524E-80
0.99921875 3.9246231155778895 3.1762240719225654E-80
0.99921875 3.934673366834171 2.548367238629074E-80
0.99921875 3.9447236180904524 2.0462333892029804E-80
0.99921875 3.9547738693467336 1.6443271918175275E-80
0.99921875 3.9648241206030153 1.3223879915360608E-80
0.99921875 3.9748743718592965 1.0643018894108614E-80
0.99921875 3.984924623115578 8.572426350224598E-81
0.99921875 3.9949748743718594 6.909926419391218E-81
0.99921875 4.005025125628141 5.57405916295151E-81
0.99921875 4.015075376884422 4.499828878573992E-81
0.99921875 4.025125628140704 3.6353355276540866E-81
0.99921875 4.035175879396985 2.939103680403667E-81
0.99921875 4.045226130653266 2.3779628379600127E-81
0.99921875 4.055276381909548 1.9253639649155831E-81
0.99921875 4.065326633165829 1.5600414000986182E-81
0.99921875 4.075376884422111 1.264948447421349E-81
0.99921875 4.085427135678392 1.0264100059713191E-81
0.99921875 4.0954773869346734 8.334474575405428E-82
0.99921875 4.105527638190955 6.772403774500602E-82
0.99921875 4.115577889447236 5.506970086312462E-82
0.99921875 4.125628140703518 4.481112608300882E-82
0.99921875 4.135678391959799 3.6488859691161394E-82
0.99921875 4.1457286432160805 2.973268058554686E-82
0.99921875 4.155778894472362 2.4244054080861758E-82
0.99921875 4.165829145728643 1.9782078058532415E-82
0.99921875 4.175879396984925 1.6152218021863085E-82
0.99921875 4.185929648241206 1.319727097278837E-82
0.99921875 4.1959798994974875 1.0790111830391957E-82
0.99921875 4.206030150753769 8.827866523914173E-83
0.99921875 4.21608040201005 7.227227776756176E-83
0.99921875 4.226130653266332 5.9206867933491014E-83
0.99921875 4.236180904522613 4.853499603195787E-83
0.99921875 4.2462311557788945 3.9812431070916225E-83
0.99921875 4.256281407035176 3.2678448103553283E-83
0.99921875 4.266331658291457 2.6839933227925376E-83
0.99921875 4.276381909547739 2.2058551490452298E-83
0.99921875 4.28643216080402 1.814038033286152E-83
0.99921875 4.296482412060302 1.4927529111111748E-83
0.99921875 4.306532663316583 1.2291359566844643E-83
0.99921875 4.316582914572864 1.0126997700095424E-83
0.99921875 4.326633165829146 8.348888058774102E-84
0.99921875 4.336683417085427 6.887190038004491E-84
0.99921875 4.346733668341709 5.684854771320781E-84
0.99921875 4.35678391959799 4.69525251044029E-84
0.99921875 4.366834170854271 3.880245558761171E-84
0.99921875 4.376884422110553 3.2086220661415086E-84
0.99921875 4.386934673366834 2.6548222841558097E-84
0.99921875 4.396984924623116 2.197902001882314E-84
0.99921875 4.407035175879397 1.820688456599822E-84
0.99921875 4.417085427135678 1.5090925415205111E-84
0.99921875 4.42713567839196 1.2515480145406926E-84
0.99921875 4.437185929648241 1.0385539692999077E-84
0.99921875 4.447236180904523 8.62301320491734E-85
0.99921875 4.457286432160804 7.163676864750557E-85
0.99921875 4.467336683417085 5.954679902280249E-85
0.99921875 4.477386934673367 4.9525047840960194E-85
0.99921875 4.4874371859296485 4.121297854460786E-85
0.99921875 4.49748743718593 3.431502318657621E-85
0.99921875 4.507537688442211 2.85873813441771E-85
0.99921875 4.517587939698492 2.382883664116522E-85
0.99921875 4.527638190954774 1.987322295794983E-85
0.99921875 4.5376884422110555 1.6583240316933203E-85
0.99921875 4.547738693467337 1.3845375653390197E-85
0.99921875 4.557788944723618 1.1565728619545351E-85
0.99921875 4.567839195979899 9.66657915889191E-86
0.99921875 4.577889447236181 8.083563398270116E-86
0.99921875 4.5879396984924625 6.763348707449026E-86
0.99921875 4.597989949748744 5.661718599679832E-86
0.99921875 4.608040201005025 4.741994326925385E-86
0.99921875 4.618090452261306 3.973733237749474E-86
0.99921875 4.628140703517588 3.3316547642539334E-86
0.99921875 4.63819095477387 2.794753733862424E-86
0.99921875 4.648241206030151 2.345567925428965E-86
0.99921875 4.658291457286432 1.969572702563759E-86
0.99921875 4.668341708542713 1.654680400686594E-86
0.99921875 4.678391959798995 1.3908261139634558E-86
0.99921875 4.688442211055277 1.1696247835170105E-86
0.99921875 4.698492462311558 9.840871592190108E-87
0.99921875 4.708542713567839 8.28384400099335E-87
0.99921875 4.71859296482412 6.976528795698919E-87
0.99921875 4.728643216080402 5.878322420130942E-87
0.99921875 4.738693467336684 4.955309746422302E-87
0.99921875 4.748743718592965 4.179147601809711E-87
0.99921875 4.758793969849246 3.526137005096986E-87
0.99921875 4.768844221105527 2.976451806492806E-87
0.99921875 4.778894472361809 2.5134970223139136E-87
0.99921875 4.788944723618091 2.123374771909514E-87
0.99921875 4.798994974874372 1.7944395323716825E-87
0.99921875 4.809045226130653 1.5169275701202887E-87
0.99921875 4.819095477386934 1.2826480046490335E-87
0.99921875 4.8291457286432165 1.0847251049810217E-87
0.99921875 4.839195979899498 9.173831929161586E-88
0.99921875 4.849246231155779 7.757669940824918E-88
0.99921875 4.85929648241206 6.557914917013797E-88
0.99921875 4.869346733668341 5.540163429337102E-88
0.99921875 4.8793969849246235 4.6754074999793455E-88
0.99921875 4.889447236180905 3.939153678515158E-88
0.99921875 4.899497487437186 3.310684017582846E-88
0.99921875 4.909547738693467 2.7724352185317757E-88
0.99921875 4.919597989949748 2.3094761463108138E-88
0.99921875 4.9296482412060305 1.9090671696447116E-88
0.99921875 4.939698492462312 1.56028748215534E-88
0.99921875 4.949748743718593 1.2537187968013527E-88
0.99921875 4.959798994974874 9.811756576624808E-89
0.99921875 4.969849246231155 7.354741439251322E-89
0.99921875 4.9798994974874375 5.102320039406384E-89
0.99921875 4.989949748743719 2.9969429612980594E-89
0.99921875 5.0 9.857946428793114E-90
0.99921875 5.010050251256281 -9.805853291243626E-90

0.9984375000000001 -0.005025125628140704 -3.7172767347731167E-53
0.9984375000000001 0.005025125628140704 3.7172767347731167E-53
0.9984375000000001 0.01507537688442211 1.5271887034910203E-52
0.9984375000000001 0.02512562814070352 5.099009246385023E-52
0.9984375000000001 0.035175879396984924 1.609067724851977E-51
0.9984375000000001 0.04522613065326633 4.89581180658503E-51
0.9984375000000001 0.05527638190954774 1.4500197780906305E-50
0.9984375000000001 0.06532663316582915 4.2066550320075213E-50
0.9984375000000001 0.07537688442211056 1.2007741420865853E-49
0.9984375000000001 0.08542713567839195 3.3838581949227363E-49
0.9984375000000001 0.09547738693467336 9.439083429757993E-49
0.9984375000000001 0.10552763819095477 2.6117218794294443E-48
0.9984375000000001 0.11557788944723618 7.180432124002457E-48
0.9984375000000001 0.12562814070351758 1.9643749517450092E-47
0.9984375000000001 0.135678391959799 5.353990764654973E-47
0.9984375000000001 0.1457286432160804 1.4553454719273934E-46
0.9984375000000001 0.15577889447236182 3.949003605935576E-46
0.9984375000000001 0.1658291457286432 1.0705154708445262E-45
0.9984375000000001 0.17587939698492464 2.901318921259287E-45
0.9984375000000001 0.18592964824120603 7.866418991481245E-45
0.9984375000000001 0.19597989949748745 2.1349805668046624E-44
0.9984375000000001 0.20603015075376885 5.803374839532772E-44
0.9984375000000001 0.21608040201005024 1.5807151357505434E-43
0.9984375000000001 0.22613065326633167 4.3163234109070005E-43
0.9984375000000001 0.23618090452261306 1.1820877785989478E-42
0.9984375000000001 0.24623115577889448 3.2481620404801125E-42
0.9984375000000001 0.2562814070351759 8.958701920673843E-42
0.9984375000000001 0.2663316582914573 2.481023600054804E-41
0.9984375000000001 0.2763819095477387 6.901554897666936E-41
0.9984375000000001 0.2864321608040201 1.9290296494326745E-40
0.9984375000000001 0.2964824120603015 5.419348443387229E-40
0.9984375000000001 0.3065326633165829 1.5307601027552885E-39
0.9984375000000001 0.3165829145728643 4.348612582937042E-39
0.9984375000000001 0.32663316582914576 1.2428134994390225E-38
0.9984375000000001 0.33668341708542715 3.574357239850881E-38
0.9984375000000001 0.34673366834170855 1.0347826635760413E-37
0.9984375000000001 0.35678391959798994 3.0163356623343828E-37
0.9984375000000001 0.36683417085427134 8.855389571467411E-37
0.9984375000000001 0.3768844221105528 2.619084751253608E-36
0.9984375000000001 0.3869346733668342 7.805849795380942E-36
0.9984375000000001 0.3969849246231156 2.344947569633316E-35
0.9984375000000001 0.40703517587939697 7.10232880075872E-35
0.9984375000000001 0.4170854271356784 2.1693740762846903E-34
0.9984375000000001 0.4271356783919598 6.684125048917632E-34
0.9984375000000001 0.4371859296482412 2.0779768123231417E-33
0.9984375000000001 0.4472361809045226 6.5197599768886E-33
0.9984375000000001 0.457286432160804 2.0650249657668006E-32
0.9984375000000001 0.46733668341708545 6.604334359145054E-32
0.9984375000000001 0.47738693467336685 2.1332872572618546E-31
0.9984375000000001 0.48743718592964824 6.961324211285958E-31
0.9984375000000001 0.49748743718592964 2.2954162270540506E-30
0.9984375000000001 0.507537688442211 7.650009606846594E-30
0.9984375000000001 0.5175879396984925 2.5774857810943134E-29
0.9984375000000001 0.5276381909547738 8.781444379655546E-29
0.9984375000000001 0.5376884422110553 3.026016221319805E-28
0.9984375000000001 0.5477386934673367 1.0548988887874258E-27
0.9984375000000001 0.5577889447236181 3.721187567541528E-27
0.9984375000000001 0.5678391959798995 1.3285509367161173E-26
0.9984375000000001 0.577889447236181 4.801679556647201E-26
0.9984375000000001 0.5879396984924623 1.7571794354930214E-25
0.9984375000000001 0.5979899497487438 6.512287399955723E-25
0.9984375000000001 0.6080402010050251 2.444716383828256E-24
0.9984375000000001 0.6180904522613065 9.297791468594701E-24
0.9984375000000001 0.628140703517588 3.583123956552023E-23
0.9984375000000001 0.6381909547738693 1.3994058799633681E-22
0.9984375000000001 0.6482412060301508 5.539730507989193E-22
0.9984375000000001 0.6582914572864321 2.2230708968222595E-21
0.9984375000000001 0.6683417085427136 9.044549881397011E-21
0.9984375000000001 0.678391959798995 3.731045210313173E-20
0.9984375000000001 0.6884422110552764 1.560686358701606E-19
0.9984375000000001 0.6984924623115578 6.62008613276468E-19
0.9984375000000001 0.7085427135678392 2.847634975557832E-18
0.9984375000000001 0.7185929648241206 1.2421517276996695E-17
0.9984375000000001 0.7286432160804021 5.4943633776654277E-17
0.9984375000000001 0.7386934673366834 2.464220001525652E-16
0.9984375000000001 0.7487437185929648 1.120496264500663E-15
0.9984375000000001 0.7587939698492463 5.164642301788076E-15
0.9984375000000001 0.7688442211055276 2.4125567130182983E-14
0.9984375000000001 0.7788944723618091 1.1418443830329692E-13
0.9984375000000001 0.7889447236180904 5.473769353205832E-13
0.9984375000000001 0.7989949748743719 2.6567132260632394E-12
0.9984375000000001 0.8090452261306533 1.3048982991526102E-11
0.9984375000000001 0.8190954773869347 6.482465071691588E-11
0.9984375000000001 0.8291457286432161 3.254995562202916E-10
0.9984375000000001 0.8391959798994975 1.650720713715714E-9
0.9984375000000001 0.8492462311557789 8.447325318299848E-9
0.9984375000000001 0.8592964824120604 4.3574201933622404E-8
0.9984375000000001 0.8693467336683417 2.2628995064120834E-7
0.9984375000000001 0.8793969849246231 1.1813735480823867E-6
0.9984375000000001 0.8894472361809045 6.189105631167203E-6
0.9984375000000001 0.8994974874371859 3.246765238040967E-5
0.9984375000000001 0.9095477386934674 1.7009360920948357E-4
0.9984375000000001 0.9195979899497487 8.868238502140562E-4
0.9984375000000001 0.9296482412060302 0.004580259653000972
0.9984375000000001 0.9396984924623115 0.023281686217809936
0.9984375000000001 0.949748743718593 0.11532649900388539
0.9984375000000001 0.9597989949748744 0.5476561616674618
0.9984375000000001 0.9698492462311558 2.41605350964503
0.9984375000000001 0.9798994974874372 9.180685014535886
0.9984375000000001 0.9899497487437187 22.304904723365837
0.9984375000000001 1.0 30.298724259892303
0.9984375000000001 1.0100502512562815 22.322492770911996
0.9984375000000001 1.020100502512563 9.183146102442961
0.9984375000000001 1.0301507537688441 2.4131896146032683
0.9984375000000001 1.0402010050251256 0.5457061347078737
0.9984375000000001 1.050251256281407 0.11454314552039978
0.9984375000000001 1.0603015075376885 0.023030517345037825
0.9984375000000001 1.07035175879397 0.004509570045972496
0.9984375000000001 1.0804020100502514 8.685592185029878E-4
0.9984375000000001 1.0904522613065326 1.65649612929635E-4
0.9984375000000001 1.100502512562814 3.143296456526233E-5
0.9984375000000001 1.1105527638190955 5.956066675476397E-6
0.9984375000000001 1.120603015075377 1.1302091906188553E-6
0.9984375000000001 1.1306532663316584 2.1527819740239137E-7
0.9984375000000001 1.1407035175879396 4.124136833715449E-8
0.9984375000000001 1.150753768844221 7.959405345236331E-9
0.9984375000000001 1.1608040201005025 1.549761724526047E-9
0.9984375000000001 1.170854271356784 3.0480781945498306E-10
0.9984375000000001 1.1809045226130654 6.062270786543649E-11
0.9984375000000001 1.1909547738693467 1.2204067826315344E-11
0.9984375000000001 1.2010050251256281 2.488824019789867E-12
0.9984375000000001 1.2110552763819096 5.145391158554662E-13
0.9984375000000001 1.221105527638191 1.079071965063534E-13
0.9984375000000001 1.2311557788944725 2.296816082460853E-14
0.9984375000000001 1.2412060301507537 4.964185862685305E-15
0.9984375000000001 1.2512562814070352 1.0899014909423245E-15
0.9984375000000001 1.2613065326633166 2.431571867620616E-16
0.9984375000000001 1.271356783919598 5.5139792813679176E-17
0.9984375000000001 1.2814070351758795 1.2712040501196957E-17
0.9984375000000001 1.2914572864321607 2.9799568024170048E-18
0.9984375000000001 1.3015075376884422 7.103985032985971E-19
0.9984375000000001 1.3115577889447236 1.722369748573228E-19
0.9984375000000001 1.321608040201005 4.2471898072787783E-20
0.9984375000000001 1.3316582914572865 1.0652015243615496E-20
0.9984375000000001 1.3417085427135678 2.7171103571208184E-21
0.9984375000000001 1.3517587939698492 7.048662327071086E-22
0.9984375000000001 1.3618090452261307 1.8595069417504435E-22
0.9984375000000001 1.3718592964824121 4.988140186996659E-23
0.9984375000000001 1.3819095477386936 1.3604378676137977E-23
0.9984375000000001 1.3919597989949748 3.7718969359171106E-24
0.9984375000000001 1.4020100502512562 1.0629603280510775E-24
0.9984375000000001 1.4120603015075377 3.044245018876852E-25
0.9984375000000001 1.4221105527638191 8.858730419850039E-26
0.9984375000000001 1.4321608040201006 2.618859928042862E-26
0.9984375000000001 1.4422110552763818 7.863532931170332E-27
0.9984375000000001 1.4522613065326633 2.397730246567032E-27
0.9984375000000001 1.4623115577889447 7.4228369345422845E-28
0.9984375000000001 1.4723618090452262 2.3325668394143237E-28
0.9984375000000001 1.4824120603015076 7.438727717486113E-29
0.9984375000000001 1.4924623115577889 2.406955364110883E-29
0.9984375000000001 1.5025125628140703 7.90033688325479E-30
0.9984375000000001 1.5125628140703518 2.6298687055067437E-30
0.9984375000000001 1.5226130653266332 8.876375555349164E-31
0.9984375000000001 1.5326633165829147 3.037054026275326E-31
0.9984375000000001 1.542713567839196 1.0531416448870713E-31
0.9984375000000001 1.5527638190954773 3.70033398635376E-32
0.9984375000000001 1.5628140703517588 1.3170972388246935E-32
0.9984375000000001 1.5728643216080402 4.748113136765886E-33
0.9984375000000001 1.5829145728643217 1.7332247125160828E-33
0.9984375000000001 1.5929648241206031 6.405078511777303E-34
0.9984375000000001 1.6030150753768844 2.395719592762575E-34
0.9984375000000001 1.6130653266331658 9.067691026272336E-35
0.9984375000000001 1.6231155778894473 3.472282671074711E-35
0.9984375000000001 1.6331658291457287 1.3449332470028312E-35
0.9984375000000001 1.6432160804020102 5.268229013361592E-36
0.9984375000000001 1.6532663316582914 2.086503549388972E-36
0.9984375000000001 1.6633165829145728 8.353680586158664E-37
0.9984375000000001 1.6733668341708543 3.3803055866432956E-37
0.9984375000000001 1.6834170854271358 1.3821970609095224E-37
0.9984375000000001 1.6934673366834172 5.710023204413901E-38
0.9984375000000001 1.7035175879396984 2.3827537357767366E-38
0.9984375000000001 1.7135678391959799 1.0041874117665599E-38
0.9984375000000001 1.7236180904522613 4.273337017949764E-39
0.9984375000000001 1.7336683417085428 1.8359471938611605E-39
0.9984375000000001 1.7437185929648242 7.961946977848248E-40
0.9984375000000001 1.7537688442211055 3.4847472561487352E-40
0.9984375000000001 1.763819095477387 1.5390208666814042E-40
0.9984375000000001 1.7738693467336684 6.85754565576984E-41
0.9984375000000001 1.7839195979899498 3.082301161546976E-41
0.9984375000000001 1.7939698492462313 1.3973210302125658E-41
0.9984375000000001 1.8040201005025125 6.388017251071128E-42
0.9984375000000001 1.814070351758794 2.944557892057188E-42
0.9984375000000001 1.8241206030150754 1.3683430002927249E-42
0.9984375000000001 1.8341708542713568 6.4095682507707426E-43
0.9984375000000001 1.8442211055276383 3.0259439358291197E-43
0.9984375000000001 1.8542713567839195 1.4395671993826914E-43
0.9984375000000001 1.864321608040201 6.900553134544487E-44
0.9984375000000001 1.8743718592964824 3.33242156718484E-44
0.9984375000000001 1.8844221105527639 1.6210799435373077E-44
0.9984375000000001 1.8944723618090453 7.942605289305688E-45
0.9984375000000001 1.9045226130653266 3.9190638537305926E-45
0.9984375000000001 1.914572864321608 1.94719934435839E-45
0.9984375000000001 1.9246231155778895 9.740836053792164E-46
0.9984375000000001 1.934673366834171 4.905575041406584E-46
0.9984375000000001 1.9447236180904524 2.486810456273756E-46
0.9984375000000001 1.9547738693467338 1.2688397320091487E-46
0.9984375000000001 1.964824120603015 6.515315598592226E-47
0.9984375000000001 1.9748743718592965 3.36653421836946E-47
0.9984375000000001 1.984924623115578 1.750268844219103E-47
0.9984375000000001 1.9949748743718594 9.154968829254625E-48
0.9984375000000001 2.0050251256281406 4.817220422083786E-48
0.9984375000000001 2.0150753768844223 2.549657157472229E-48
0.9984375000000001 2.0251256281407035 1.3572868593924365E-48
0.9984375000000001 2.0351758793969847 7.26651103543748E-49
0.9984375000000001 2.0452261306532664 3.912058695589473E-49
0.9984375000000001 2.0552763819095476 2.117734188087728E-49
0.9984375000000001 2.0653266331658293 1.1526210201938221E-49
0.9984375000000001 2.0753768844221105 6.306868261741071E-50
0.9984375000000001 2.0854271356783918 3.469101670353871E-50
0.9984375000000001 2.0954773869346734 1.918054771971815E-50
0.9984375000000001 2.1055276381909547 1.0658868156775968E-50
0.9984375000000001 2.1155778894472363 5.952966041550987E-51
0.9984375000000001 2.1256281407035176 3.341140753924859E-51
0.9984375000000001 2.135678391959799 1.8843548853967996E-51
0.9984375000000001 2.1457286432160805 1.0678379721369537E-51
0.9984375000000001 2.1557788944723617 6.0798321242881365E-52
0.9984375000000001 2.1658291457286434 3.477689839491953E-52
0.9984375000000001 2.1758793969849246 1.9983576806578E-52
0.9984375000000001 2.1859296482412063 1.1534782622628261E-52
0.9984375000000001 2.1959798994974875 6.687606387067831E-53
0.9984375000000001 2.2060301507537687 3.8942959770646034E-53
0.9984375000000001 2.2160804020100504 2.2774906277486162E-53
0.9984375000000001 2.2261306532663316 1.3376010751773197E-53
0.9984375000000001 2.2361809045226133 7.888828290795045E-54
0.9984375000000001 2.2462311557788945 4.6718438648135484E-54
0.9984375000000001 2.2562814070351758 2.777976775505816E-54
0.9984375000000001 2.2663316582914574 1.6584730770327808E-54
0.9984375000000001 2.2763819095477387 9.940387254733057E-55
0.9984375000000001 2.2864321608040203 5.981212874258823E-55
0.9984375000000001 2.2964824120603016 3.612790447517848E-55
0.9984375000000001 2.306532663316583 2.1904874769077213E-55
0.9984375000000001 2.3165829145728645 1.3330936018326585E-55
0.9984375000000001 2.3266331658291457 8.142920399098535E-56
0.9984375000000001 2.3366834170854274 4.99203524112734E-56
0.9984375000000001 2.3467336683417086 3.0713665371998674E-56
0.9984375000000001 2.35678391959799 1.8963620442455594E-56
0.9984375000000001 2.3668341708542715 1.17496763041404E-56
0.9984375000000001 2.3768844221105527 7.305087433551296E-57
0.9984375000000001 2.3869346733668344 4.5572201032357724E-57
0.9984375000000001 2.3969849246231156 2.852530061673818E-57
0.9984375000000001 2.407035175879397 1.7914183664675598E-57
0.9984375000000001 2.4170854271356785 1.1287081485267007E-57
0.9984375000000001 2.4271356783919598 7.134536504389319E-58
0.9984375000000001 2.4371859296482414 4.524090563326847E-58
0.9984375000000001 2.4472361809045227 2.8777994149168945E-58
0.9984375000000001 2.457286432160804 1.8362679597215097E-58
0.9984375000000001 2.4673366834170856 1.1752785622858492E-58
0.9984375000000001 2.477386934673367 7.544978636038595E-59
0.9984375000000001 2.4874371859296485 4.858152857654766E-59
0.9984375000000001 2.4974874371859297 3.137358219221801E-59
0.9984375000000001 2.507537688442211 2.0319869338899326E-59
0.9984375000000001 2.5175879396984926 1.3198541991286746E-59
0.9984375000000001 2.527638190954774 8.597336001876209E-60
0.9984375000000001 2.5376884422110555 5.615903706399183E-60
0.9984375000000001 2.5477386934673367 3.6785646490848025E-60
0.9984375000000001 2.557788944723618 2.4161592462607795E-60
0.9984375000000001 2.5678391959798996 1.5912807938005486E-60
0.9984375000000001 2.577889447236181 1.0508194910914523E-60
0.9984375000000001 2.5879396984924625 6.957538495483284E-61
0.9984375000000001 2.5979899497487438 4.61865706602787E-61
0.9984375000000001 2.608040201005025 3.0739376068817208E-61
0.9984375000000001 2.6180904522613067 2.051069921704049E-61
0.9984375000000001 2.628140703517588 1.3720155857805878E-61
0.9984375000000001 2.6381909547738696 9.200640776708876E-62
0.9984375000000001 2.648241206030151 6.18507621317331E-62
0.9984375000000001 2.658291457286432 4.167999832761053E-62
0.9984375000000001 2.6683417085427137 2.8154893878789972E-62
0.9984375000000001 2.678391959798995 1.9063900656864755E-62
0.9984375000000001 2.6884422110552766 1.2938669091076388E-62
0.9984375000000001 2.698492462311558 8.801889288283875E-63
0.9984375000000001 2.708542713567839 6.001493320386347E-63
0.9984375000000001 2.7185929648241207 4.1013679884114035E-63
0.9984375000000001 2.728643216080402 2.80913858987085E-63
0.9984375000000001 2.7386934673366836 1.9283320518276788E-63
0.9984375000000001 2.748743718592965 1.326612479152287E-63
0.9984375000000001 2.758793969849246 9.146385178586145E-64
0.9984375000000001 2.7688442211055277 6.319573294640703E-64
0.9984375000000001 2.778894472361809 4.3757122459496425E-64
0.9984375000000001 2.7889447236180906 3.0361450263020335E-64
0.9984375000000001 2.798994974874372 2.1110533668432715E-64
0.9984375000000001 2.809045226130653 1.4708527195158607E-64
0.9984375000000001 2.819095477386935 1.0268876280811624E-64
0.9984375000000001 2.829145728643216 7.183747207668856E-65
0.9984375000000001 2.8391959798994977 5.0355199140945435E-65
0.9984375000000001 2.849246231155779 3.536662857463717E-65
0.9984375000000001 2.85929648241206 2.4888006968333464E-65
0.9984375000000001 2.869346733668342 1.7547888843706364E-65
0.9984375000000001 2.879396984924623 1.2396219008452088E-65
0.9984375000000001 2.8894472361809047 8.773535956661342E-66
0.9984375000000001 2.899497487437186 6.221179101940136E-66
0.9984375000000001 2.909547738693467 4.419519634850972E-66
0.9984375000000001 2.919597989949749 3.1453832297562627E-66
0.9984375000000001 2.92964824120603 2.242642968352357E-66
0.9984375000000001 2.9396984924623117 1.601868413236572E-66
0.9984375000000001 2.949748743718593 1.146214328886917E-66
0.9984375000000001 2.959798994974874 8.216169843919621E-67
0.9984375000000001 2.969849246231156 5.8997003897422626E-67
0.9984375000000001 2.979899497487437 4.243654147589848E-67
0.9984375000000001 2.9899497487437188 3.057680433574169E-67
0.9984375000000001 3.0 2.2068814692733134E-67
0.9984375000000001 3.0100502512562817 1.595487999942462E-67
0.9984375000000001 3.020100502512563 1.1553900312137757E-67
0.9984375000000001 3.030150753768844 8.38064122751725E-68
0.9984375000000001 3.040201005025126 6.0888118993068275E-68
0.9984375000000001 3.050251256281407 4.430857209873115E-68
0.9984375000000001 3.0603015075376887 3.2295063770369244E-68
0.9984375000000001 3.07035175879397 2.3576054813965207E-68
0.9984375000000001 3.080402010050251 1.7237973271758325E-68
0.9984375000000001 3.090452261306533 1.2623359102023093E-68
0.9984375000000001 3.100502512562814 9.258294715242093E-69
0.9984375000000001 3.1105527638190957 6.800614377081595E-69
0.9984375000000001 3.120603015075377 5.002881523255935E-69
0.9984375000000001 3.130653266331658 3.685879464365011E-69
0.9984375000000001 3.14070351758794 2.719599067097087E-69
0.9984375000000001 3.150753768844221 2.009581226431819E-69
0.9984375000000001 3.1608040201005028 1.4870902777703857E-69
0.9984375000000001 3.170854271356784 1.1020325718297888E-69
0.9984375000000001 3.180904522613065 8.178453133927315E-70
0.9984375000000001 3.190954773869347 6.078017412698197E-70
0.9984375000000001 3.201005025125628 4.52336055098202E-70
0.9984375000000001 3.21105527638191 3.371036880085829E-70
0.9984375000000001 3.221105527638191 2.5157265897368435E-70
0.9984375000000001 3.2311557788944723 1.8799906597584793E-70
0.9984375000000001 3.241206030150754 1.4068085664953527E-70
0.9984375000000001 3.251256281407035 1.0541348977129558E-70
0.9984375000000001 3.261306532663317 7.909228672070482E-71
0.9984375000000001 3.271356783919598 5.942152209025053E-71
0.9984375000000001 3.2814070351758793 4.470129662555968E-71
0.9984375000000001 3.291457286432161 3.367117331955114E-71
0.9984375000000001 3.301507537688442 2.539529696550767E-71
0.9984375000000001 3.311557788944724 1.917787364745709E-71
0.9984375000000001 3.321608040201005 1.4500900686046354E-71
0.9984375000000001 3.3316582914572863 1.0978226494524077E-71
0.9984375000000001 3.341708542713568 8.321611790968012E-72
0.9984375000000001 3.351758793969849 6.31562310138918E-72
0.9984375000000001 3.361809045226131 4.79903516619314E-72
0.9984375000000001 3.371859296482412 3.65103652474994E-72
0.9984375000000001 3.3819095477386933 2.7809843043785195E-72
0.9984375000000001 3.391959798994975 2.120785101082378E-72
0.9984375000000001 3.4020100502512562 1.6192214914105598E-72
0.9984375000000001 3.412060301507538 1.2377219156260873E-72
0.9984375000000001 3.422110552763819 9.472027165933804E-73
0.9984375000000001 3.4321608040201004 7.25707613571391E-73
0.9984375000000001 3.442211055276382 5.566410380808064E-73
0.9984375000000001 3.4522613065326633 4.2744428685239076E-73
0.9984375000000001 3.462311557788945 3.286022779889838E-73
0.9984375000000001 3.472361809045226 2.5289743928949048E-73
0.9984375000000001 3.4824120603015074 1.948485603010537E-73
0.9984375000000001 3.492462311557789 1.5028824801311938E-73
0.9984375000000001 3.5025125628140703 1.1604437198151006E-73
0.9984375000000001 3.512562814070352 8.969962293580277E-74
0.9984375000000001 3.522613065326633 6.940981773533835E-74
0.9984375000000001 3.5326633165829144 5.3766437660080954E-74
0.9984375000000001 3.542713567839196 4.1692511517964725E-74
0.9984375000000001 3.5527638190954773 3.2363664670632278E-74
0.9984375000000001 3.562814070351759 2.5148183178128245E-74
0.9984375000000001 3.5728643216080402 1.956146205944389E-74
0.9984375000000001 3.5829145728643215 1.5231346898069318E-74
0.9984375000000001 3.592964824120603 1.187173448523581E-74
0.9984375000000001 3.6030150753768844 9.262442256122979E-75
0.9984375000000001 3.613065326633166 7.233841168539355E-75
0.9984375000000001 3.6231155778894473 5.655112152090481E-75
0.9984375000000001 3.6331658291457285 4.425262039618587E-75
0.9984375000000001 3.64321608040201 3.4662432284656404E-75
0.9984375000000001 3.6532663316582914 2.7176788782114525E-75
0.9984375000000001 3.663316582914573 2.1328147415214989E-75
0.9984375000000001 3.6733668341708543 1.675409139976441E-75
0.9984375000000001 3.6834170854271355 1.3173412012916767E-75
0.9984375000000001 3.693467336683417 1.0367695858882475E-75
0.9984375000000001 3.7035175879396984 8.167135569042809E-76
0.9984375000000001 3.71356783919598 6.439584119632068E-76
0.9984375000000001 3.7236180904522613 5.082102809537134E-76
0.9984375000000001 3.7336683417085426 4.014428283730193E-76
0.9984375000000001 3.7437185929648242 3.173917883703712E-76
0.9984375000000001 3.7537688442211055 2.5116349580171218E-76
0.9984375000000001 3.763819095477387 1.989314085464191E-76
0.9984375000000001 3.7738693467336684 1.5770061543846202E-76
0.9984375000000001 3.7839195979899496 1.2512492400255973E-76
0.9984375000000001 3.7939698492462313 9.936465267764891E-77
0.9984375000000001 3.8040201005025125 7.897596465510378E-77
0.9984375000000001 3.814070351758794 6.2824666470637356E-77
0.9984375000000001 3.8241206030150754 5.001900031786327E-77
0.9984375000000001 3.8341708542713566 3.98571964389871E-77
0.9984375000000001 3.8442211055276383 3.178650635350718E-77
0.9984375000000001 3.8542713567839195 2.5371174533649477E-77
0.9984375000000001 3.864321608040201 2.026737556155309E-77
0.9984375000000001 3.8743718592964824 1.6203584265829585E-77
0.9984375000000001 3.884422110552764 1.296518736268381E-77
0.9984375000000001 3.8944723618090453 1.0382409413878171E-77
0.9984375000000001 3.9045226130653266 8.320830919361455E-78
0.9984375000000001 3.9145728643216082 6.673935530319912E-78
0.9984375000000001 3.9246231155778895 5.357247060839523E-78
0.9984375000000001 3.934673366834171 4.303713187526837E-78
0.9984375000000001 3.9447236180904524 3.4600676295386833E-78
0.9984375000000001 3.9547738693467336 2.783960967950022E-78
0.9984375000000001 3.9648241206030153 2.241695784602985E-78
0.9984375000000001 3.9748743718592965 1.8064373349115924E-78
0.9984375000000001 3.984924623115578 1.4567987319325585E-78
0.9984375000000001 3.9949748743718594 1.1757213289339887E-78
0.9984375000000001 4.005025125628141 9.495879790812524E-79
0.9984375000000001 4.015075376884422 7.675201607063469E-79
0.9984375000000001 4.025125628140704 6.208203915287963E-79
0.9984375000000001 4.035175879396985 5.025295430910803E-79
0.9984375000000001 4.045226130653266 4.070750968387414E-79
0.9984375000000001 4.055276381909548 3.299914372833593E-79
0.9984375000000001 4.065326633165829 2.6769725336099868E-79
0.9984375000000001 4.075376884422111 2.1731824910011946E-79
0.9984375000000001 4.085427135678392 1.7654583094918464E-79
0.9984375000000001 4.0954773869346734 1.4352438393194585E-79
0.9984375000000001 4.105527638190955 1.1676128368002453E-79
0.9984375000000001 4.115577889447236 9.505500372084778E-80
0.9984375000000001 4.125628140703518 7.743763572406056E-80
0.9984375000000001 4.135678391959799 6.312889855103514E-80
0.9984375000000001 4.1457286432160805 5.149931219952556E-80
0.9984375000000001 4.155778894472362 4.204068834527541E-80
0.9984375000000001 4.165829145728643 3.434246632828268E-80
0.9984375000000001 4.175879396984925 2.8072722729580333E-80
0.9984375000000001 4.185929648241206 2.296292038621927E-80
0.9984375000000001 4.1959798994974875 1.8795651618573716E-80
0.9984375000000001 4.206030150753769 1.5394780717621069E-80
0.9984375000000001 4.21608040201005 1.2617510358734013E-80
0.9984375000000001 4.226130653266332 1.0347991897441938E-80
0.9984375000000001 4.236180904522613 8.492175466716228E-81
0.9984375000000001 4.2462311557788945 6.973656398547201E-81
0.9984375000000001 4.256281407035176 5.730322876626724E-81
0.9984375000000001 4.266331658291457 4.711648383756607E-81
0.9984375000000001 4.276381909547739 3.8765034151844573E-81
0.9984375000000001 4.28643216080402 3.1913856586850705E-81
0.9984375000000001 4.296482412060302 2.6289876429293424E-81
0.9984375000000001 4.306532663316583 2.167036721198321E-81
0.9984375000000001 4.316582914572864 1.787354978896281E-81
0.9984375000000001 4.326633165829146 1.4750968608545067E-81
0.9984375000000001 4.336683417085427 1.218130510586485E-81
0.9984375000000001 4.346733668341709 1.0065353993662679E-81
0.9984375000000001 4.35678391959799 8.321941183490463E-82
0.9984375000000001 4.366834170854271 6.884604676866019E-82
0.9984375000000001 4.376884422110553 5.69889407195013E-82
0.9984375000000001 4.386934673366834 4.720171972179287E-82
0.9984375000000001 4.396984924623116 3.9118228689297336E-82
0.9984375000000001 4.407035175879397 3.243793050293646E-82
0.9984375000000001 4.417085427135678 2.691399603938994E-82
0.9984375000000001 4.42713567839196 2.2343583089759423E-82
0.9984375000000001 4.437185929648241 1.8559896918398965E-82
0.9984375000000001 4.447236180904523 1.542570189934741E-82
0.9984375000000001 4.457286432160804 1.2828015742890656E-82
0.9984375000000001 4.467336683417085 1.0673768104381438E-82
0.9984375000000001 4.477386934673367 8.886246119107508E-83
0.9984375000000001 4.4874371859296485 7.40218245736567E-83
0.9984375000000001 4.49748743718593 6.16936831539553E-83
0.9984375000000001 4.507537688442211 5.1446955381301585E-83
0.9984375000000001 4.517587939698492 4.292549767443437E-83
0.9984375000000001 4.527638190954774 3.5834908989458044E-83
0.9984375000000001 4.5376884422110555 2.9931688371126526E-83
0.9984375000000001 4.547738693467337 2.501432068627787E-83
0.9984375000000001 4.557788944723618 2.091594336748811E-83
0.9984375000000001 4.567839195979899 1.7498310267962567E-83
0.9984375000000001 4.577889447236181 1.4646820331573959E-83
0.9984375000000001 4.5879396984924625 1.226642089258298E-83
0.9984375000000001 4.597989949748744 1.0278229804620297E-83
0.9984375000000001 4.608040201005025 8.616748692031489E-84
0.9984375000000001 4.618090452261306 7.227562583462505E-84
0.9984375000000001 4.628140703517588 6.065439974228757E-84
0.9984375000000001 4.63819095477387 5.092762740375724E-84
0.9984375000000001 4.648241206030151 4.2782279197979795E-84
0.9984375000000001 4.658291457286432 3.595773694338478E-84
0.9984375000000001 4.668341708542713 3.0236903669236826E-84
0.9984375000000001 4.678391959798995 2.5438840681854324E-84
0.9984375000000001 4.688442211055277 2.141266623917292E-84
0.9984375000000001 4.698492462311558 1.803249693554363E-84
0.9984375000000001 4.708542713567839 1.5193251347437797E-84
0.9984375000000001 4.71859296482412 1.280716710403103E-84
0.9984375000000001 4.728643216080402 1.0800908554134393E-84
0.9984375000000001 4.738693467336684 9.113163608505575E-85
0.9984375000000001 4.748743718592965 7.692645967473522E-85
0.9984375000000001 4.758793969849246 6.496433472238179E-85
0.9984375000000001 4.768844221105527 5.488585296584825E-85
0.9984375000000001 4.778894472361809 4.638990576978978E-85
0.9984375000000001 4.788944723618091 3.922409234592672E-85
0.9984375000000001 4.798994974874372 3.3176724776734925E-85
0.9984375000000001 4.809045226130653 2.8070160372002684E-85
0.9984375000000001 4.819095477386934 2.375523788710344E-85
0.9984375000000001 4.8291457286432165 2.0106632176654005E-85
0.9984375000000001 4.839195979899498 1.7018973338609573E-85
0.9984375000000001 4.849246231155779 1.4403602466638934E-85
0.9984375000000001 4.85929648241206 1.218585771546763E-85
0.9984375000000001 4.869346733668341 1.0302802271318397E-85
0.9984375000000001 4.8793969849246235 8.701320647638618E-86
0.9984375000000001 4.889447236180905 7.33652202274577E-86
0.9984375000000001 4.899497487437186 6.170399536223025E-86
0.9984375000000001 4.909547738693467 5.1707029241857776E-86
0.9984375000000001 4.919597989949748 4.309988896586171E-86
0.9984375000000001 4.9296482412060305 3.5648194875475674E-86
0.9984375000000001 4.939698492462312 2.9150834447412884E-86
0.9984375000000001 4.949748743718593 2.3434197332810464E-86
0.9984375000000001 4.959798994974874 1.8347255517099723E-86
0.9984375000000001 4.969849246231155 1.3757340065610383E-86
0.9984375000000001 4.9798994974874375 9.546488619707321E-87
0.9984375000000001 4.989949748743719 5.608256497279905E-87
0.9984375000000001 5.0 1.8448995708231017E-87
0.9984375000000001 5.010050251256281 -1.835150426120726E-87

0.9976562500000001 -0.005025125628140704 -2.0694241862052716E-51
0.9976562500000001 0.005025125628140704 2.0694241862052716E-51
0.9976562500000001 0.01507537688442211 8.415819832064563E-51
0.9976562500000001 0.02512562814070352 2.780445517104649E-50
0.9976562500000001 0.035175879396984924 8.684897023632707E-50
0.9976562500000001 0.04522613065326633 2.6163853042585227E-49
0.9976562500000001 0.05527638190954774 7.674039883708088E-49
0.9976562500000001 0.06532663316582915 2.2050465153941775E-48
0.9976562500000001 0.07537688442211056 6.234619561386402E-48
0.9976562500000001 0.08542713567839195 1.7404056659439669E-47
0.9976562500000001 0.09547738693467336 4.809148498253319E-47
0.9976562500000001 0.10552763819095477 1.3181547594630036E-46
0.9976562500000001 0.11557788944723618 3.5899189653265435E-46
0.9976562500000001 0.12562814070351758 9.728370191958222E-46
0.9976562500000001 0.135678391959799 2.6263731708716303E-45
0.9976562500000001 0.1457286432160804 7.071060997884394E-45
0.9976562500000001 0.15577889447236182 1.9002808952538796E-44
0.9976562500000001 0.1658291457286432 5.101560743248144E-44
0.9976562500000001 0.17587939698492464 1.3691458209329276E-43
0.9976562500000001 0.18592964824120603 3.675666936568236E-43
0.9976562500000001 0.19597989949748745 9.876775383057407E-43
0.9976562500000001 0.20603015075376885 2.657774398298748E-42
0.9976562500000001 0.21608040201005024 7.165693618210917E-42
0.9976562500000001 0.22613065326633167 1.9365713971600188E-41
0.9976562500000001 0.23618090452261306 5.248423599927481E-41
0.9976562500000001 0.24623115577889448 1.4269807156629026E-40
0.9976562500000001 0.2562814070351759 3.893725745068896E-40
0.9976562500000001 0.2663316582914573 1.0666612937783802E-39
0.9976562500000001 0.2763819095477387 2.9346097946235844E-39
0.9976562500000001 0.2864321608040201 8.111092373375232E-39
0.9976562500000001 0.2964824120603015 2.252945005536214E-38
0.9976562500000001 0.3065326633165829 6.290663877481154E-38
0.9976562500000001 0.3165829145728643 1.7662220041904163E-37
0.9976562500000001 0.32663316582914576 4.987945492245477E-37
0.9976562500000001 0.33668341708542715 1.4172524964542366E-36
0.9976562500000001 0.34673366834170855 4.05266446937444E-36
0.9976562500000001 0.35678391959798994 1.1665900981989319E-35
0.9976562500000001 0.36683417085427134 3.3813827406439416E-35
0.9976562500000001 0.3768844221105528 9.871452944685126E-35
0.9976562500000001 0.3869346733668342 2.903281437367933E-34
0.9976562500000001 0.3969849246231156 8.60453888495713E-34
0.9976562500000001 0.40703517587939697 2.570420663508343E-33
0.9976562500000001 0.4170854271356784 7.741505505418866E-33
0.9976562500000001 0.4271356783919598 2.3512380107876352E-32
0.9976562500000001 0.4371859296482412 7.203141253860401E-32
0.9976562500000001 0.4472361809045226 2.2264072428621736E-31
0.9976562500000001 0.457286432160804 6.94459204959497E-31
0.9976562500000001 0.46733668341708545 2.1864995405310475E-30
0.9976562500000001 0.47738693467336685 6.950443619876786E-30
0.9976562500000001 0.48743718592964824 2.2311817269583295E-29
0.9976562500000001 0.49748743718592964 7.234594598624834E-29
0.9976562500000001 0.507537688442211 2.3699897638062713E-28
0.9976562500000001 0.5175879396984925 7.8456045850730105E-28
0.9976562500000001 0.5276381909547738 2.6251069321180363E-27
0.9976562500000001 0.5376884422110553 8.879719935836067E-27
0.9976562500000001 0.5477386934673367 3.0371910766601294E-26
0.9976562500000001 0.5577889447236181 1.0506352869949792E-25
0.9976562500000001 0.5678391959798995 3.6763981738233762E-25
0.9976562500000001 0.577889447236181 1.3015603628023475E-24
0.9976562500000001 0.5879396984924623 4.662880189635145E-24
0.9976562500000001 0.5979899497487438 1.6906950594067813E-23
0.9976562500000001 0.6080402010050251 6.205342231802726E-23
0.9976562500000001 0.6180904522613065 2.305784944664512E-22
0.9976562500000001 0.628140703517588 8.675246373945947E-22
0.9976562500000001 0.6381909547738693 3.3052596414566665E-21
0.9976562500000001 0.6482412060301508 1.2753620609149013E-20
0.9976562500000001 0.6582914572864321 4.9842597504564783E-20
0.9976562500000001 0.6683417085427136 1.9730264548169356E-19
0.9976562500000001 0.678391959798995 7.911258913768105E-19
0.9976562500000001 0.6884422110552764 3.213234662042344E-18
0.9976562500000001 0.6984924623115578 1.3219471453820282E-17
0.9976562500000001 0.7085427135678392 5.5085409969400036E-17
0.9976562500000001 0.7185929648241206 2.3247145960981154E-16
0.9976562500000001 0.7286432160804021 9.934699089207026E-16
0.9976562500000001 0.7386934673366834 4.298459489895199E-15
0.9976562500000001 0.7487437185929648 1.882531055605114E-14
0.9976562500000001 0.7587939698492463 8.342863197116E-14
0.9976562500000001 0.7688442211055276 3.740032327390945E-13
0.9976562500000001 0.7788944723618091 1.6952504849377086E-12
0.9976562500000001 0.7889447236180904 7.765417504999583E-12
0.9976562500000001 0.7989949748743719 3.592528727133185E-11
0.9976562500000001 0.8090452261306533 1.6773515502702162E-10
0.9976562500000001 0.8190954773869347 7.897043291115628E-10
0.9976562500000001 0.8291457286432161 3.74528269238914E-9
0.9976562500000001 0.8391959798994975 1.787188880206825E-8
0.9976562500000001 0.8492462311557789 8.568716992210263E-8
0.9976562500000001 0.8592964824120604 4.120990219236294E-7
0.9976562500000001 0.8693467336683417 1.984121361763206E-6
0.9976562500000001 0.8793969849246231 9.540628258150009E-6
0.9976562500000001 0.8894472361809045 4.56829682031144E-5
0.9976562500000001 0.8994974874371859 2.170249982125487E-4
0.9976562500000001 0.9095477386934674 0.0010181446252736047
0.9976562500000001 0.9195979899497487 0.004687853692426266
0.9976562500000001 0.9296482412060302 0.02100578628374066
0.9976562500000001 0.9396984924623115 0.09050035082934844
0.9976562500000001 0.949748743718593 0.3680545585392812
0.9976562500000001 0.9597989949748744 1.3708771148892762
0.9976562500000001 0.9698492462311558 4.428585511956347
0.9976562500000001 0.9798994974874372 11.164500152332339
0.9976562500000001 0.9899497487437187 20.048286477538504
0.9976562500000001 1.0 24.485091523302557
0.9976562500000001 1.0100502512562815 20.06629004386175
0.9976562500000001 1.020100502512563 11.17432896879286
0.9976562500000001 1.0301507537688441 4.426984144695073
0.9976562500000001 1.0402010050251256 1.367343282983646
0.9976562500000001 1.050251256281407 0.3659674048790014
0.9976562500000001 1.0603015075376885 0.08963670418137036
0.9976562500000001 1.07035175879397 0.020710028868312254
0.9976562500000001 1.0804020100502514 0.004598085320878383
0.9976562500000001 1.0904522613065326 9.93093787151855E-4
0.9976562500000001 1.100502512562814 2.10451845255496E-4
0.9976562500000001 1.1105527638190955 4.403690567872247E-5
0.9976562500000001 1.120603015075377 9.143096710212106E-6
0.9976562500000001 1.1306532663316584 1.8908314126485754E-6
0.9976562500000001 1.1407035175879396 3.9070658014346474E-7
0.9976562500000001 1.150753768844221 8.08739590244162E-8
0.9976562500000001 1.1608040201005025 1.6806185881062424E-8
0.9976562500000001 1.170854271356784 3.5126358420763797E-9
0.9976562500000001 1.1809045226130654 7.39583486784406E-10
0.9976562500000001 1.1909547738693467 1.5708088258079894E-10
0.9976562500000001 1.2010050251256281 3.369408158495102E-11
0.9976562500000001 1.2110552763819096 7.306708732146644E-12
0.9976562500000001 1.221105527638191 1.6032903708657452E-12
0.9976562500000001 1.2311557788944725 3.5625175136295376E-13
0.9976562500000001 1.2412060301507537 8.021255591798257E-14
0.9976562500000001 1.2512562814070352 1.8311048457990188E-14
0.9976562500000001 1.2613065326633166 4.2401162294266E-15
0.9976562500000001 1.271356783919598 9.96348136977739E-16
0.9976562500000001 1.2814070351758795 2.3766136184597845E-16
0.9976562500000001 1.2914572864321607 5.75623614069783E-17
0.9976562500000001 1.3015075376884422 1.4159416061886416E-17
0.9976562500000001 1.3115577889447236 3.53794490989254E-18
0.9976562500000001 1.321608040201005 8.980660162916973E-19
0.9976562500000001 1.3316582914572865 2.3160695962882164E-19
0.9976562500000001 1.3417085427135678 6.068756725766391E-20
0.9976562500000001 1.3517587939698492 1.6156856014347847E-20
0.9976562500000001 1.3618090452261307 4.370330565023607E-21
0.9976562500000001 1.3718592964824121 1.2010242556999606E-21
0.9976562500000001 1.3819095477386936 3.353040337478777E-22
0.9976562500000001 1.3919597989949748 9.509016123777139E-23
0.9976562500000001 1.4020100502512562 2.739014864376922E-23
0.9976562500000001 1.4120603015075377 8.012356117816217E-24
0.9976562500000001 1.4221105527638191 2.379972452760196E-24
0.9976562500000001 1.4321608040201006 7.177327519115918E-25
0.9976562500000001 1.4422110552763818 2.1971581818653306E-25
0.9976562500000001 1.4522613065326633 6.826405987346485E-26
0.9976562500000001 1.4623115577889447 2.1521679665004264E-26
0.9976562500000001 1.4723618090452262 6.883852862198619E-27
0.9976562500000001 1.4824120603015076 2.2334387032807633E-27
0.9976562500000001 1.4924623115577889 7.348813614975242E-28
0.9976562500000001 1.5025125628140703 2.4517335975072214E-28
0.9976562500000001 1.5125628140703518 8.291881270355268E-29
0.9976562500000001 1.5226130653266332 2.8422785242991685E-29
0.9976562500000001 1.5326633165829147 9.872414281072266E-30
0.9976562500000001 1.542713567839196 3.474020471090984E-30
0.9976562500000001 1.5527638190954773 1.2382337148899193E-30
0.9976562500000001 1.5628140703517588 4.469338237088264E-31
0.9976562500000001 1.5728643216080402 1.6332909648295136E-31
0.9976562500000001 1.5829145728643217 6.041899336995255E-32
0.9976562500000001 1.5929648241206031 2.2619523617834055E-32
0.9976562500000001 1.6030150753768844 8.568497020555337E-33
0.9976562500000001 1.6130653266331658 3.2835913075733784E-33
0.9976562500000001 1.6231155778894473 1.2727108802945807E-33
0.9976562500000001 1.6331658291457287 4.988392404041041E-34
0.9976562500000001 1.6432160804020102 1.9767726592658074E-34
0.9976562500000001 1.6532663316582914 7.918343338027119E-35
0.9976562500000001 1.6633165829145728 3.2056111710962835E-35
0.9976562500000001 1.6733668341708543 1.3113086822083242E-35
0.9976562500000001 1.6834170854271358 5.419217194406108E-36
0.9976562500000001 1.6934673366834172 2.2621789526642063E-36
0.9976562500000001 1.7035175879396984 9.536713079599393E-37
0.9976562500000001 1.7135678391959799 4.059530017080502E-37
0.9976562500000001 1.7236180904522613 1.7445497256675881E-37
0.9976562500000001 1.7336683417085428 7.567425206670989E-38
0.9976562500000001 1.7437185929648242 3.312822018170838E-38
0.9976562500000001 1.7537688442211055 1.4633985009103945E-38
0.9976562500000001 1.763819095477387 6.521873187982979E-39
0.9976562500000001 1.7738693467336684 2.93196911554278E-39
0.9976562500000001 1.7839195979899498 1.3294044288502228E-39
0.9976562500000001 1.7939698492462313 6.078553697652846E-40
0.9976562500000001 1.8040201005025125 2.802365834987302E-40
0.9976562500000001 1.814070351758794 1.302471303627277E-40
0.9976562500000001 1.8241206030150754 6.101953105611154E-41
0.9976562500000001 1.8341708542713568 2.881156204901694E-41
0.9976562500000001 1.8442211055276383 1.370891528803942E-41
0.9976562500000001 1.8542713567839195 6.572340671847644E-42
0.9976562500000001 1.864321608040201 3.174397194999994E-42
0.9976562500000001 1.8743718592964824 1.5444413361536104E-42
0.9976562500000001 1.8844221105527639 7.568266260569316E-43
0.9976562500000001 1.8944723618090453 3.734936744044951E-43
0.9976562500000001 1.9045226130653266 1.8560091241347998E-43
0.9976562500000001 1.914572864321608 9.28616108936336E-44
0.9976562500000001 1.9246231155778895 4.677371742718832E-44
0.9976562500000001 1.934673366834171 2.3715293355306715E-44
0.9976562500000001 1.9447236180904524 1.2102315104979187E-44
0.9976562500000001 1.9547738693467338 6.215487040663047E-45
0.9976562500000001 1.964824120603015 3.212203331237232E-45
0.9976562500000001 1.9748743718592965 1.6703497321441275E-45
0.9976562500000001 1.984924623115578 8.738655694328977E-46
0.9976562500000001 1.9949748743718594 4.599090064948993E-46
0.9976562500000001 2.0050251256281406 2.4347109597299877E-46
0.9976562500000001 2.0150753768844223 1.2963734874724877E-46
0.9976562500000001 2.0251256281407035 6.941926179088399E-47
0.9976562500000001 2.0351758793969847 3.738158334615319E-47
0.9976562500000001 2.0452261306532664 2.024066604889988E-47
0.9976562500000001 2.0552763819095476 1.1019037759379486E-47
0.9976562500000001 2.0653266331658293 6.030835095490507E-48
0.9976562500000001 2.0753768844221105 3.3181044999719407E-48
0.9976562500000001 2.0854271356783918 1.8350426083313856E-48
0.9976562500000001 2.0954773869346734 1.020025733771479E-48
0.9976562500000001 2.1055276381909547 5.698375937313848E-49
0.9976562500000001 2.1155778894472363 3.1991372153103055E-49
0.9976562500000001 2.1256281407035176 1.804778589355043E-49
0.9976562500000001 2.135678391959799 1.0230395875599794E-49
0.9976562500000001 2.1457286432160805 5.826492624652301E-50
0.9976562500000001 2.1557788944723617 3.3337855054665304E-50
0.9976562500000001 2.1658291457286434 1.9162574524694507E-50
0.9976562500000001 2.1758793969849246 1.1064364442891359E-50
0.9976562500000001 2.1859296482412063 6.416921895521965E-51
0.9976562500000001 2.1959798994974875 3.737890102442554E-51
0.9976562500000001 2.2060301507537687 2.186745238411373E-51
0.9976562500000001 2.2160804020100504 1.2847383154105253E-51
0.9976562500000001 2.2261306532663316 7.579655477343791E-52
0.9976562500000001 2.2361809045226133 4.4903124045999486E-52
0.9976562500000001 2.2462311557788945 2.6709789257010107E-52
0.9976562500000001 2.2562814070351758 1.5951671152353684E-52
0.9976562500000001 2.2663316582914574 9.564433099009263E-53
0.9976562500000001 2.2763819095477387 5.757123834634293E-53
0.9976562500000001 2.2864321608040203 3.4787373276820015E-53
0.9976562500000001 2.2964824120603016 2.110009073587546E-53
0.9976562500000001 2.306532663316583 1.2846090037823462E-53
0.9976562500000001 2.3165829145728645 7.849813163714782E-54
0.9976562500000001 2.3266331658291457 4.8142383404920604E-54
0.9976562500000001 2.3366834170854274 2.9631549698386034E-54
0.9976562500000001 2.3467336683417086 1.8302847414163855E-54
0.9976562500000001 2.35678391959799 1.1344879000011979E-54
0.9976562500000001 2.3668341708542715 7.056312022803365E-55
0.9976562500000001 2.3768844221105527 4.403850267410961E-55
0.9976562500000001 2.3869346733668344 2.7576852684519658E-55
0.9976562500000001 2.3969849246231156 1.732587303207228E-55
0.9976562500000001 2.407035175879397 1.0921066884541717E-55
0.9976562500000001 2.4170854271356785 6.906151445268147E-56
0.9976562500000001 2.4271356783919598 4.381170307560871E-56
0.9976562500000001 2.4371859296482414 2.7881069158141206E-56
0.9976562500000001 2.4472361809045227 1.779821813335587E-56
0.9976562500000001 2.457286432160804 1.1396574042801826E-56
0.9976562500000001 2.4673366834170856 7.319576935350835E-57
0.9976562500000001 2.477386934673367 4.715144399933999E-57
0.9976562500000001 2.4874371859296485 3.046387488234381E-57
0.9976562500000001 2.4974874371859297 1.97396967772265E-57
0.9976562500000001 2.507537688442211 1.2827597963364886E-57
0.9976562500000001 2.5175879396984926 8.359577828402872E-58
0.9976562500000001 2.527638190954774 5.463140566127791E-58
0.9976562500000001 2.5376884422110555 3.580177609142012E-58
0.9976562500000001 2.5477386934673367 2.3526446564308318E-58
0.9976562500000001 2.557788944723618 1.5501842412768132E-58
0.9976562500000001 2.5678391959798996 1.024168493869832E-58
0.9976562500000001 2.577889447236181 6.784326704679186E-59
0.9976562500000001 2.5879396984924625 4.505839453696848E-59
0.9976562500000001 2.5979899497487438 3.000301445305151E-59
0.9976562500000001 2.608040201005025 2.002908509261417E-59
0.9976562500000001 2.6180904522613067 1.3404524710835283E-59
0.9976562500000001 2.628140703517588 8.993382723104632E-60
0.9976562500000001 2.6381909547738696 6.048720974258848E-60
0.9976562500000001 2.648241206030151 4.0781249105209456E-60
0.9976562500000001 2.658291457286432 2.7561438075566426E-60
0.9976562500000001 2.6683417085427137 1.8671348278507388E-60
0.9976562500000001 2.678391959798995 1.2678568275409335E-60
0.9976562500000001 2.6884422110552766 8.629267607033266E-61
0.9976562500000001 2.698492462311558 5.886748732888082E-61
0.9976562500000001 2.708542713567839 4.02498002095128E-61
0.9976562500000001 2.7185929648241207 2.758211952527263E-61
0.9976562500000001 2.728643216080402 1.894333345714486E-61
0.9976562500000001 2.7386934673366836 1.3038852971069886E-61
0.9976562500000001 2.748743718592965 8.994273945147725E-62
0.9976562500000001 2.758793969849246 6.217649842112746E-62
0.9976562500000001 2.7688442211055277 4.307345261924536E-62
0.9976562500000001 2.778894472361809 2.9902423698467186E-62
0.9976562500000001 2.7889447236180906 2.0802069376370795E-62
0.9976562500000001 2.798994974874372 1.4501083284105226E-62
0.9976562500000001 2.809045226130653 1.0129279905588607E-62
0.9976562500000001 2.819095477386935 7.089759855067291E-63
0.9976562500000001 2.829145728643216 4.97221679392134E-63
0.9976562500000001 2.8391959798994977 3.4940173492391736E-63
0.9976562500000001 2.849246231155779 2.460070522111391E-63
0.9976562500000001 2.85929648241206 1.735436470228963E-63
0.9976562500000001 2.869346733668342 1.2265911923376652E-63
0.9976562500000001 2.879396984924623 8.68585047706595E-64
0.9976562500000001 2.8894472361809047 6.162228444401054E-64
0.9976562500000001 2.899497487437186 4.379936924209576E-64
0.9976562500000001 2.909547738693467 3.118848903325058E-64
0.9976562500000001 2.919597989949749 2.2248931162875632E-64
0.9976562500000001 2.92964824120603 1.590026439914326E-64
0.9976562500000001 2.9396984924623117 1.1383401946904884E-64
0.9976562500000001 2.949748743718593 8.164030060635913E-65
0.9976562500000001 2.959798994974874 5.865354933693462E-65
0.9976562500000001 2.969849246231156 4.221178022304557E-65
0.9976562500000001 2.979899497487437 3.043093542029096E-65
0.9976562500000001 2.9899497487437188 2.197515271440112E-65
0.9976562500000001 3.0 1.58955760693177E-65
0.9976562500000001 3.0100502512562817 1.1517051762076445E-65
0.9976562500000001 3.020100502512563 8.358340304635613E-66
0.9976562500000001 3.030150753768844 6.075829349989597E-66
0.9976562500000001 3.040201005025126 4.4237550762448725E-66
0.9976562500000001 3.050251256281407 3.226040859932415E-66
0.9976562500000001 3.0603015075376887 2.3563257229047535E-66
0.9976562500000001 3.07035175879397 1.7237764152969165E-66
0.9976562500000001 3.080402010050251 1.2629910189921404E-66
0.9976562500000001 3.090452261306533 9.268020040288601E-67
0.9976562500000001 3.100502512562814 6.81137486538304E-67
0.9976562500000001 3.1105527638190957 5.013459885050216E-67
0.9976562500000001 3.120603015075377 3.6956357570389004E-67
0.9976562500000001 3.130653266331658 2.7282466048013387E-67
0.9976562500000001 3.14070351758794 2.0170423004897876E-67
0.9976562500000001 3.150753768844221 1.493404517378038E-67
0.9976562500000001 3.1608040201005028 1.1072997881841215E-67
0.9976562500000001 3.170854271356784 8.221907391577313E-68
0.9976562500000001 3.180904522613065 6.113556548159303E-68
0.9976562500000001 3.190954773869347 4.552225115056694E-68
0.9976562500000001 3.201005025125628 3.3943490419858406E-68
0.9976562500000001 3.21105527638191 2.534468148963495E-68
0.9976562500000001 3.221105527638191 1.8950008799836896E-68
0.9976562500000001 3.2311557788944723 1.4187927857403725E-68
0.9976562500000001 3.241206030150754 1.0636783262261407E-68
0.9976562500000001 3.251256281407035 7.985062208465018E-69
0.9976562500000001 3.261306532663317 6.002302666783967E-69
0.9976562500000001 3.271356783919598 4.517769546957198E-69
0.9976562500000001 3.2814070351758793 3.404802440463166E-69
0.9976562500000001 3.291457286432161 2.5693102583699647E-69
0.9976562500000001 3.301507537688442 1.941302272804324E-69
0.9976562500000001 3.311557788944724 1.4686455836344107E-69
0.9976562500000001 3.321608040201005 1.1124573812785496E-69
0.9976562500000001 3.3316582914572863 8.436992545785821E-70
0.9976562500000001 3.341708542713568 6.406565621322999E-70
0.9976562500000001 3.351758793969849 4.8707036219467865E-70
0.9976562500000001 3.361809045226131 3.7075112503881886E-70
0.9976562500000001 3.371859296482412 2.8254862071030994E-70
0.9976562500000001 3.3819095477386933 2.1558547232631253E-70
0.9976562500000001 3.391959798994975 1.6468614986722763E-70
0.9976562500000001 3.4020100502512562 1.2595102228546566E-70
0.9976562500000001 3.412060301507538 9.643821312783588E-71
0.9976562500000001 3.422110552763819 7.39256758012266E-71
0.9976562500000001 3.4321608040201004 5.67330385906556E-71
0.9976562500000001 3.442211055276382 4.358803896678641E-71
0.9976562500000001 3.4522613065326633 3.3526263972828273E-71
0.9976562500000001 3.462311557788945 2.5815799588539334E-71
0.9976562500000001 3.472361809045226 1.9900532003772785E-71
0.9976562500000001 3.4824120603015074 1.5357432569320526E-71
0.9976562500000001 3.492462311557789 1.1864339280902415E-71
0.9976562500000001 3.5025125628140703 9.175626728577773E-72
0.9976562500000001 3.512562814070352 7.103811543811747E-72
0.9976562500000001 3.522613065326633 5.505629164721085E-72
0.9976562500000001 3.5326633165829144 4.271482882250249E-72
0.9976562500000001 3.542713567839196 3.317439233467408E-72
0.9976562500000001 3.5527638190954773 2.5791483169535064E-72
0.9976562500000001 3.562814070351759 2.0072209300386651E-72
0.9976562500000001 3.5728643216080402 1.5637095141111434E-72
0.9976562500000001 3.5829145728643215 1.219426379806529E-72
0.9976562500000001 3.592964824120603 9.518977517740261E-73
0.9976562500000001 3.6030150753768844 7.438011832425757E-73
0.9976562500000001 3.613065326633166 5.81770848551019E-73
0.9976562500000001 3.6231155778894473 4.5548312270087816E-73
0.9976562500000001 3.6331658291457285 3.5695594407895946E-73
0.9976562500000001 3.64321608040201 2.800114115970326E-73
0.9976562500000001 3.6532663316582914 2.1986315295459455E-73
0.9976562500000001 3.663316582914573 1.727991651256402E-73
0.9976562500000001 3.6733668341708543 1.3593778510413713E-73
0.9976562500000001 3.6834170854271355 1.0703973585130359E-73
0.9976562500000001 3.693467336683417 8.436321447982618E-74
0.9976562500000001 3.7035175879396984 6.655205283725802E-74
0.9976562500000001 3.71356783919598 5.254931592229262E-74
0.9976562500000001 3.7236180904522613 4.153048580532135E-74
0.9976562500000001 3.7336683417085426 3.2851740314861093E-74
0.9976562500000001 3.7437185929648242 2.6009877052616226E-74
0.9976562500000001 3.7537688442211055 2.0611230472171265E-74
0.9976562500000001 3.763819095477387 1.634754065689155E-74
0.9976562500000001 3.7738693467336684 1.2977201060622593E-74
0.9976562500000001 3.7839195979899496 1.03106723252446E-74
0.9976562500000001 3.7939698492462313 8.199125887014405E-75
0.9976562500000001 3.8040201005025125 6.525593900183421E-75
0.9976562500000001 3.814070351758794 5.198065910049892E-75
0.9976562500000001 3.8241206030150754 4.1440990635143753E-75
0.9976562500000001 3.8341708542713566 3.3066061493396135E-75
0.9976562500000001 3.8442211055276383 2.640561072985983E-75
0.9976562500000001 3.8542713567839195 2.1104195983279286E-75
0.9976562500000001 3.864321608040201 1.68809824935676E-75
0.9976562500000001 3.8743718592964824 1.351389169269333E-75
0.9976562500000001 3.884422110552764 1.0827157966388288E-75
0.9976562500000001 3.8944723618090453 8.681552200139203E-76
0.9976562500000001 3.9045226130653266 6.966693856114942E-76
0.9976562500000001 3.9145728643216082 5.595000159604452E-76
0.9976562500000001 3.9246231155778895 4.496919671780846E-76
0.9976562500000001 3.934673366834171 3.617174400064709E-76
0.9976562500000001 3.9447236180904524 2.911794527300006E-76
0.9976562500000001 3.9547738693467336 2.3457766028451532E-76
0.9976562500000001 3.9648241206030153 1.8912325581149642E-76
0.9976562500000001 3.9748743718592965 1.5259254545753113E-76
0.9976562500000001 3.984924623115578 1.2321102042522389E-76
0.9976562500000001 3.9949748743718594 9.956149890550447E-77
0.9976562500000001 4.005025125628141 8.051128088977557E-77
0.9976562500000001 4.015075376884422 6.515433371371969E-77
0.9976562500000001 4.025125628140704 5.276536996498743E-77
0.9976562500000001 4.035175879396985 4.2763342328997916E-77
0.9976562500000001 4.045226130653266 3.46824012438805E-77
0.9976562500000001 4.055276381909548 2.814877149219504E-77
0.9976562500000001 4.065326633165829 2.28623269925795E-77
0.9976562500000001 4.075376884422111 1.8581897778557614E-77
0.9976562500000001 4.085427135678392 1.5113544111527735E-77
0.9976562500000001 4.0954773869346734 1.2301191346783984E-77
0.9976562500000001 4.105527638190955 1.0019144554720873E-77
0.9976562500000001 4.115577889447236 8.166101057072785E-78
0.9976562500000001 4.125628140703518 6.660357517831512E-78
0.9976562500000001 4.135678391959799 5.435970391433948E-78
0.9976562500000001 4.1457286432160805 4.439677807955944E-78
0.9976562500000001 4.155778894472362 3.6284300679047786E-78
0.9976562500000001 4.165829145728643 2.967406956581047E-78
0.9976562500000001 4.175879396984925 2.4284247487301646E-78
0.9976562500000001 4.185929648241206 1.988655383361663E-78
0.9976562500000001 4.1959798994974875 1.6295958927952686E-78
0.9976562500000001 4.206030150753769 1.3362385965322942E-78
0.9976562500000001 4.21608040201005 1.0964024739573253E-78
0.9976562500000001 4.226130653266332 9.001940283286163E-79
0.9976562500000001 4.236180904522613 7.39572258578933E-79
0.9976562500000001 4.2462311557788945 6.079973906641703E-79
0.9976562500000001 4.256281407035176 5.0014704488842577E-79
0.9976562500000001 4.266331658291457 4.116867349389819E-79
0.9976562500000001 4.276381909547739 3.390841713067261E-79
0.9976562500000001 4.28643216080402 2.7945890599854634E-79
0.9976562500000001 4.296482412060302 2.3046051015521267E-79
0.9976562500000001 4.306532663316583 1.9016980355561533E-79
0.9976562500000001 4.316582914572864 1.570187205202315E-79
0.9976562500000001 4.326633165829146 1.2972525267064344E-79
0.9976562500000001 4.336683417085427 1.0724059706102939E-79
0.9976562500000001 4.346733668341709 8.870619168258258E-80
0.9976562500000001 4.35678391959799 7.341876587900239E-80
0.9976562500000001 4.366834170854271 6.08018920985087E-80
0.9976562500000001 4.376884422110553 5.038281469325474E-80
0.9976562500000001 4.386934673366834 4.177356481611014E-80
0.9976562500000001 4.396984924623116 3.465555880332785E-80
0.9976562500000001 4.407035175879397 2.8767029549363006E-80
0.9976562500000001 4.417085427135678 2.3892763324254216E-80
0.9976562500000001 4.42713567839196 1.9855713914868923E-80
0.9976562500000001 4.437185929648241 1.6510146438468675E-80
0.9976562500000001 4.447236180904523 1.3736028339601395E-80
0.9976562500000001 4.457286432160804 1.1434437884256274E-80
0.9976562500000001 4.467336683417085 9.523803280291284E-81
0.9976562500000001 4.477386934673367 7.936820291764813E-81
0.9976562500000001 4.4874371859296485 6.61792441836523E-81
0.9976562500000001 4.49748743718593 5.521216623462042E-81
0.9976562500000001 4.507537688442211 4.608760219755537E-81
0.9976562500000001 4.517587939698492 3.8491816715893726E-81
0.9976562500000001 4.527638190954774 3.2165204038278916E-81
0.9976562500000001 4.5376884422110555 2.689282749601343E-81
0.9976562500000001 4.547738693467337 2.249663352900976E-81
0.9976562500000001 4.557788944723618 1.8829040150513457E-81
0.9976562500000001 4.567839195979899 1.5767654186437908E-81
0.9976562500000001 4.577889447236181 1.3210916074193666E-81
0.9976562500000001 4.5879396984924625 1.1074507315560469E-81
0.9976562500000001 4.597989949748744 9.288385356553982E-82
0.9976562500000001 4.608040201005025 7.794334939812959E-82
0.9976562500000001 4.618090452261306 6.543944838112757E-82
0.9976562500000001 4.628140703517588 5.496935141765565E-82
0.9976562500000001 4.63819095477387 4.619773597720918E-82
0.9976562500000001 4.648241206030151 3.884530421575101E-82
0.9976562500000001 4.658291457286432 3.2679299634521964E-82
0.9976562500000001 4.668341708542713 2.7505649620296915E-82
0.9976562500000001 4.678391959798995 2.3162451593087737E-82
0.9976562500000001 4.688442211055277 1.9514570100343793E-82
0.9976562500000001 4.698492462311558 1.6449152983473904E-82
0.9976562500000001 4.708542713567839 1.3871908291969634E-82
0.9976562500000001 4.71859296482412 1.1704011232096273E-82
0.9976562500000001 4.728643216080402 9.879533174488739E-83
0.9976562500000001 4.738693467336684 8.34330347879256E-83
0.9976562500000001 4.748743718592965 7.049130337090576E-83
0.9976562500000001 4.758793969849246 5.958319576009048E-83
0.9976562500000001 4.768844221105527 5.038440869702911E-83
0.9976562500000001 4.778894472361809 4.262299495953364E-83
0.9976562500000001 4.788944723618091 3.607078938526356E-83
0.9976562500000001 4.798994974874372 3.0536255662199855E-83
0.9976562500000001 4.809045226130653 2.585851520891675E-83
0.9976562500000001 4.819095477386934 2.1902360026699764E-83
0.9976562500000001 4.8291457286432165 1.8554084981973976E-83
0.9976562500000001 4.839195979899498 1.571800278700331E-83
0.9976562500000001 4.849246231155779 1.3313527990886666E-83
0.9976562500000001 4.85929648241206 1.127273539687362E-83
0.9976562500000001 4.869346733668341 9.538314166515031E-84
0.9976562500000001 4.8793969849246235 8.061852017583291E-84
0.9976562500000001 4.889447236180905 6.802394834425055E-84
0.9976562500000001 4.899497487437186 5.725236069064037E-84
0.9976562500000001 4.909547738693467 4.800897835023501E-84
0.9976562500000001 4.919597989949748 4.00427184468006E-84
0.9976562500000001 4.9296482412060305 3.3138935309075293E-84
0.9976562500000001 4.939698492462312 2.7113270033544347E-84
0.9976562500000001 4.949748743718593 2.1806420665666774E-84
0.9976562500000001 4.959798994974874 1.7079674934245728E-84
0.9976562500000001 4.969849246231155 1.2811072039808763E-84
0.9976562500000001 4.9798994974874375 8.892080302247787E-85
0.9976562500000001 4.989949748743719 5.224694204948991E-85
0.9976562500000001 5.0 1.7188681009935993E-85
0.9976562500000001 5.010050251256281 -1.709784959837177E-85
