t F Q
1.0 -0.005025125628140704 0.0
1.0 0.005025125628140704 0.0
1.0 0.01507537688442211 0.0
1.0 0.02512562814070352 0.0
1.0 0.035175879396984924 0.0
1.0 0.04522613065326633 0.0
1.0 0.05527638190954774 0.0
1.0 0.06532663316582915 0.0
1.0 0.07537688442211056 0.0
1.0 0.08542713567839195 0.0
1.0 0.09547738693467336 0.0
1.0 0.10552763819095477 0.0
1.0 0.11557788944723618 0.0
1.0 0.12562814070351758 0.0
1.0 0.135678391959799 0.0
1.0 0.1457286432160804 0.0
1.0 0.15577889447236182 0.0
1.0 0.1658291457286432 0.0
1.0 0.17587939698492464 0.0
1.0 0.18592964824120603 0.0
1.0 0.19597989949748745 0.0
1.0 0.20603015075376885 0.0
1.0 0.21608040201005024 0.0
1.0 0.22613065326633167 0.0
1.0 0.23618090452261306 0.0
1.0 0.24623115577889448 0.0
1.0 0.2562814070351759 0.0
1.0 0.2663316582914573 0.0
1.0 0.2763819095477387 0.0
1.0 0.2864321608040201 0.0
1.0 0.2964824120603015 0.0
1.0 0.3065326633165829 0.0
1.0 0.3165829145728643 0.0
1.0 0.32663316582914576 0.0
1.0 0.33668341708542715 0.0
1.0 0.34673366834170855 0.0
1.0 0.35678391959798994 0.0
1.0 0.36683417085427134 0.0
1.0 0.3768844221105528 0.0
1.0 0.3869346733668342 0.0
1.0 0.3969849246231156 0.0
1.0 0.40703517587939697 0.0
1.0 0.4170854271356784 0.0
1.0 0.4271356783919598 0.0
1.0 0.4371859296482412 0.0
1.0 0.4472361809045226 0.0
1.0 0.457286432160804 0.0
1.0 0.46733668341708545 0.0
1.0 0.47738693467336685 0.0
1.0 0.48743718592964824 0.0
1.0 0.49748743718592964 0.0
1.0 0.507537688442211 0.0
1.0 0.5175879396984925 0.0
1.0 0.5276381909547738 0.0
1.0 0.5376884422110553 0.0
1.0 0.5477386934673367 0.0
1.0 0.5577889447236181 0.0
1.0 0.5678391959798995 0.0
1.0 0.577889447236181 0.0
1.0 0.5879396984924623 0.0
1.0 0.5979899497487438 0.0
1.0 0.6080402010050251 0.0
1.0 0.6180904522613065 0.0
1.0 0.628140703517588 0.0
1.0 0.6381909547738693 0.0
1.0 0.6482412060301508 0.0
1.0 0.6582914572864321 0.0
1.0 0.6683417085427136 0.0
1.0 0.678391959798995 0.0
1.0 0.6884422110552764 0.0
1.0 0.6984924623115578 0.0
1.0 0.7085427135678392 0.0
1.0 0.7185929648241206 0.0
1.0 0.7286432160804021 0.0
1.0 0.7386934673366834 0.0
1.0 0.7487437185929648 0.0
1.0 0.7587939698492463 0.0
1.0 0.7688442211055276 0.0
1.0 0.7788944723618091 0.0
1.0 0.7889447236180904 0.0
1.0 0.7989949748743719 0.0
1.0 0.8090452261306533 0.0
1.0 0.8190954773869347 0.0
1.0 0.8291457286432161 0.0
1.0 0.8391959798994975 0.0
1.0 0.8492462311557789 0.0
1.0 0.8592964824120604 0.0
1.0 0.8693467336683417 0.0
1.0 0.8793969849246231 0.0
1.0 0.8894472361809045 0.0
1.0 0.8994974874371859 0.0
1.0 0.9095477386934674 0.0
1.0 0.9195979899497487 0.0
1.0 0.9296482412060302 0.0
1.0 0.9396984924623115 0.0
1.0 0.949748743718593 0.0
1.0 0.9597989949748744 0.0
1.0 0.9698492462311558 0.0
1.0 0.9798994974874372 0.0
1.0 0.9899497487437187 0.0
1.0 1.0 99.5
1.0 1.0100502512562815 0.0
1.0 1.020100502512563 0.0
1.0 1.0301507537688441 0.0
1.0 1.0402010050251256 0.0
1.0 1.050251256281407 0.0
1.0 1.0603015075376885 0.0
1.0 1.07035175879397 0.0
1.0 1.0804020100502514 0.0
1.0 1.0904522613065326 0.0
1.0 1.100502512562814 0.0
1.0 1.1105527638190955 0.0
1.0 1.120603015075377 0.0
1.0 1.1306532663316584 0.0
1.0 1.1407035175879396 0.0
1.0 1.150753768844221 0.0
1.0 1.1608040201005025 0.0
1.0 1.170854271356784 0.0
1.0 1.1809045226130654 0.0
1.0 1.1909547738693467 0.0
1.0 1.2010050251256281 0.0
1.0 1.2110552763819096 0.0
1.0 1.221105527638191 0.0
1.0 1.2311557788944725 0.0
1.0 1.2412060301507537 0.0
1.0 1.2512562814070352 0.0
1.0 1.2613065326633166 0.0
1.0 1.271356783919598 0.0
1.0 1.2814070351758795 0.0
1.0 1.2914572864321607 0.0
1.0 1.3015075376884422 0.0
1.0 1.3115577889447236 0.0
1.0 1.321608040201005 0.0
1.0 1.3316582914572865 0.0
1.0 1.3417085427135678 0.0
1.0 1.3517587939698492 0.0
1.0 1.3618090452261307 0.0
1.0 1.3718592964824121 0.0
1.0 1.3819095477386936 0.0
1.0 1.3919597989949748 0.0
1.0 1.4020100502512562 0.0
1.0 1.4120603015075377 0.0
1.0 1.4221105527638191 0.0
1.0 1.4321608040201006 0.0
1.0 1.4422110552763818 0.0
1.0 1.4522613065326633 0.0
1.0 1.4623115577889447 0.0
1.0 1.4723618090452262 0.0
1.0 1.4824120603015076 0.0
1.0 1.4924623115577889 0.0
1.0 1.5025125628140703 0.0
1.0 1.5125628140703518 0.0
1.0 1.5226130653266332 0.0
1.0 1.5326633165829147 0.0
1.0 1.542713567839196 0.0
1.0 1.5527638190954773 0.0
1.0 1.5628140703517588 0.0
1.0 1.5728643216080402 0.0
1.0 1.5829145728643217 0.0
1.0 1.5929648241206031 0.0
1.0 1.6030150753768844 0.0
1.0 1.6130653266331658 0.0
1.0 1.6231155778894473 0.0
1.0 1.6331658291457287 0.0
1.0 1.6432160804020102 0.0
1.0 1.6532663316582914 0.0
1.0 1.6633165829145728 0.0
1.0 1.6733668341708543 0.0
1.0 1.6834170854271358 0.0
1.0 1.6934673366834172 0.0
1.0 1.7035175879396984 0.0
1.0 1.7135678391959799 0.0
1.0 1.7236180904522613 0.0
1.0 1.7336683417085428 0.0
1.0 1.7437185929648242 0.0
1.0 1.7537688442211055 0.0
1.0 1.763819095477387 0.0
1.0 1.7738693467336684 0.0
1.0 1.7839195979899498 0.0
1.0 1.7939698492462313 0.0
1.0 1.8040201005025125 0.0
1.0 1.814070351758794 0.0
1.0 1.8241206030150754 0.0
1.0 1.8341708542713568 0.0
1.0 1.8442211055276383 0.0
1.0 1.8542713567839195 0.0
1.0 1.864321608040201 0.0
1.0 1.8743718592964824 0.0
1.0 1.8844221105527639 0.0
1.0 1.8944723618090453 0.0
1.0 1.9045226130653266 0.0
1.0 1.914572864321608 0.0
1.0 1.9246231155778895 0.0
1.0 1.934673366834171 0.0
1.0 1.9447236180904524 0.0
1.0 1.9547738693467338 0.0
1.0 1.964824120603015 0.0
1.0 1.9748743718592965 0.0
1.0 1.984924623115578 0.0
1.0 1.9949748743718594 0.0
1.0 2.0050251256281406 0.0
1.0 2.0150753768844223 0.0
1.0 2.0251256281407035 0.0
1.0 2.0351758793969847 0.0
1.0 2.0452261306532664 0.0
1.0 2.0552763819095476 0.0
1.0 2.0653266331658293 0.0
1.0 2.0753768844221105 0.0
1.0 2.0854271356783918 0.0
1.0 2.0954773869346734 0.0
1.0 2.1055276381909547 0.0
1.0 2.1155778894472363 0.0
1.0 2.1256281407035176 0.0
1.0 2.135678391959799 0.0
1.0 2.1457286432160805 0.0
1.0 2.1557788944723617 0.0
1.0 2.1658291457286434 0.0
1.0 2.1758793969849246 0.0
1.0 2.1859296482412063 0.0
1.0 2.1959798994974875 0.0
1.0 2.2060301507537687 0.0
1.0 2.2160804020100504 0.0
1.0 2.2261306532663316 0.0
1.0 2.2361809045226133 0.0
1.0 2.2462311557788945 0.0
1.0 2.2562814070351758 0.0
1.0 2.2663316582914574 0.0
1.0 2.2763819095477387 0.0
1.0 2.2864321608040203 0.0
1.0 2.2964824120603016 0.0
1.0 2.306532663316583 0.0
1.0 2.3165829145728645 0.0
1.0 2.3266331658291457 0.0
1.0 2.3366834170854274 0.0
1.0 2.3467336683417086 0.0
1.0 2.35678391959799 0.0
1.0 2.3668341708542715 0.0
1.0 2.3768844221105527 0.0
1.0 2.3869346733668344 0.0
1.0 2.3969849246231156 0.0
1.0 2.407035175879397 0.0
1.0 2.4170854271356785 0.0
1.0 2.4271356783919598 0.0
1.0 2.4371859296482414 0.0
1.0 2.4472361809045227 0.0
1.0 2.457286432160804 0.0
1.0 2.4673366834170856 0.0
1.0 2.477386934673367 0.0
1.0 2.4874371859296485 0.0
1.0 2.4974874371859297 0.0
1.0 2.507537688442211 0.0
1.0 2.5175879396984926 0.0
1.0 2.527638190954774 0.0
1.0 2.5376884422110555 0.0
1.0 2.5477386934673367 0.0
1.0 2.557788944723618 0.0
1.0 2.5678391959798996 0.0
1.0 2.577889447236181 0.0
1.0 2.5879396984924625 0.0
1.0 2.5979899497487438 0.0
1.0 2.608040201005025 0.0
1.0 2.6180904522613067 0.0
1.0 2.628140703517588 0.0
1.0 2.6381909547738696 0.0
1.0 2.648241206030151 0.0
1.0 2.658291457286432 0.0
1.0 2.6683417085427137 0.0
1.0 2.678391959798995 0.0
1.0 2.6884422110552766 0.0
1.0 2.698492462311558 0.0
1.0 2.708542713567839 0.0
1.0 2.7185929648241207 0.0
1.0 2.728643216080402 0.0
1.0 2.7386934673366836 0.0
1.0 2.748743718592965 0.0
1.0 2.758793969849246 0.0
1.0 2.7688442211055277 0.0
1.0 2.778894472361809 0.0
1.0 2.7889447236180906 0.0
1.0 2.798994974874372 0.0
1.0 2.809045226130653 0.0
1.0 2.819095477386935 0.0
1.0 2.829145728643216 0.0
1.0 2.8391959798994977 0.0
1.0 2.849246231155779 0.0
1.0 2.85929648241206 0.0
1.0 2.869346733668342 0.0
1.0 2.879396984924623 0.0
1.0 2.8894472361809047 0.0
1.0 2.899497487437186 0.0
1.0 2.909547738693467 0.0
1.0 2.919597989949749 0.0
1.0 2.92964824120603 0.0
1.0 2.9396984924623117 0.0
1.0 2.949748743718593 0.0
1.0 2.959798994974874 0.0
1.0 2.969849246231156 0.0
1.0 2.979899497487437 0.0
1.0 2.9899497487437188 0.0
1.0 3.0 0.0
1.0 3.0100502512562817 0.0
1.0 3.020100502512563 0.0
1.0 3.030150753768844 0.0
1.0 3.040201005025126 0.0
1.0 3.050251256281407 0.0
1.0 3.0603015075376887 0.0
1.0 3.07035175879397 0.0
1.0 3.080402010050251 0.0
1.0 3.090452261306533 0.0
1.0 3.100502512562814 0.0
1.0 3.1105527638190957 0.0
1.0 3.120603015075377 0.0
1.0 3.130653266331658 0.0
1.0 3.14070351758794 0.0
1.0 3.150753768844221 0.0
1.0 3.1608040201005028 0.0
1.0 3.170854271356784 0.0
1.0 3.180904522613065 0.0
1.0 3.190954773869347 0.0
1.0 3.201005025125628 0.0
1.0 3.21105527638191 0.0
1.0 3.221105527638191 0.0
1.0 3.2311557788944723 0.0
1.0 3.241206030150754 0.0
1.0 3.251256281407035 0.0
1.0 3.261306532663317 0.0
1.0 3.271356783919598 0.0
1.0 3.2814070351758793 0.0
1.0 3.291457286432161 0.0
1.0 3.301507537688442 0.0
1.0 3.311557788944724 0.0
1.0 3.321608040201005 0.0
1.0 3.3316582914572863 0.0
1.0 3.341708542713568 0.0
1.0 3.351758793969849 0.0
1.0 3.361809045226131 0.0
1.0 3.371859296482412 0.0
1.0 3.3819095477386933 0.0
1.0 3.391959798994975 0.0
1.0 3.4020100502512562 0.0
1.0 3.412060301507538 0.0
1.0 3.422110552763819 0.0
1.0 3.4321608040201004 0.0
1.0 3.442211055276382 0.0
1.0 3.4522613065326633 0.0
1.0 3.462311557788945 0.0
1.0 3.472361809045226 0.0
1.0 3.4824120603015074 0.0
1.0 3.492462311557789 0.0
1.0 3.5025125628140703 0.0
1.0 3.512562814070352 0.0
1.0 3.522613065326633 0.0
1.0 3.5326633165829144 0.0
1.0 3.542713567839196 0.0
1.0 3.5527638190954773 0.0
1.0 3.562814070351759 0.0
1.0 3.5728643216080402 0.0
1.0 3.5829145728643215 0.0
1.0 3.592964824120603 0.0
1.0 3.6030150753768844 0.0
1.0 3.613065326633166 0.0
1.0 3.6231155778894473 0.0
1.0 3.6331658291457285 0.0
1.0 3.64321608040201 0.0
1.0 3.6532663316582914 0.0
1.0 3.663316582914573 0.0
1.0 3.6733668341708543 0.0
1.0 3.6834170854271355 0.0
1.0 3.693467336683417 0.0
1.0 3.7035175879396984 0.0
1.0 3.71356783919598 0.0
1.0 3.7236180904522613 0.0
1.0 3.7336683417085426 0.0
1.0 3.7437185929648242 0.0
1.0 3.7537688442211055 0.0
1.0 3.763819095477387 0.0
1.0 3.7738693467336684 0.0
1.0 3.7839195979899496 0.0
1.0 3.7939698492462313 0.0
1.0 3.8040201005025125 0.0
1.0 3.814070351758794 0.0
1.0 3.8241206030150754 0.0
1.0 3.8341708542713566 0.0
1.0 3.8442211055276383 0.0
1.0 3.8542713567839195 0.0
1.0 3.864321608040201 0.0
1.0 3.8743718592964824 0.0
1.0 3.884422110552764 0.0
1.0 3.8944723618090453 0.0
1.0 3.9045226130653266 0.0
1.0 3.9145728643216082 0.0
1.0 3.9246231155778895 0.0
1.0 3.934673366834171 0.0
1.0 3.9447236180904524 0.0
1.0 3.9547738693467336 0.0
1.0 3.9648241206030153 0.0
1.0 3.9748743718592965 0.0
1.0 3.984924623115578 0.0
1.0 3.9949748743718594 0.0
1.0 4.005025125628141 0.0
1.0 4.015075376884422 0.0
1.0 4.025125628140704 0.0
1.0 4.035175879396985 0.0
1.0 4.045226130653266 0.0
1.0 4.055276381909548 0.0
1.0 4.065326633165829 0.0
1.0 4.075376884422111 0.0
1.0 4.085427135678392 0.0
1.0 4.0954773869346734 0.0
1.0 4.105527638190955 0.0
1.0 4.115577889447236 0.0
1.0 4.125628140703518 0.0
1.0 4.135678391959799 0.0
1.0 4.1457286432160805 0.0
1.0 4.155778894472362 0.0
1.0 4.165829145728643 0.0
1.0 4.175879396984925 0.0
1.0 4.185929648241206 0.0
1.0 4.1959798994974875 0.0
1.0 4.206030150753769 0.0
1.0 4.21608040201005 0.0
1.0 4.226130653266332 0.0
1.0 4.236180904522613 0.0
1.0 4.2462311557788945 0.0
1.0 4.256281407035176 0.0
1.0 4.266331658291457 0.0
1.0 4.276381909547739 0.0
1.0 4.28643216080402 0.0
1.0 4.296482412060302 0.0
1.0 4.306532663316583 0.0
1.0 4.316582914572864 0.0
1.0 4.326633165829146 0.0
1.0 4.336683417085427 0.0
1.0 4.346733668341709 0.0
1.0 4.35678391959799 0.0
1.0 4.366834170854271 0.0
1.0 4.376884422110553 0.0
1.0 4.386934673366834 0.0
1.0 4.396984924623116 0.0
1.0 4.407035175879397 0.0
1.0 4.417085427135678 0.0
1.0 4.42713567839196 0.0
1.0 4.437185929648241 0.0
1.0 4.447236180904523 0.0
1.0 4.457286432160804 0.0
1.0 4.467336683417085 0.0
1.0 4.477386934673367 0.0
1.0 4.4874371859296485 0.0
1.0 4.49748743718593 0.0
1.0 4.507537688442211 0.0
1.0 4.517587939698492 0.0
1.0 4.527638190954774 0.0
1.0 4.5376884422110555 0.0
1.0 4.547738693467337 0.0
1.0 4.557788944723618 0.0
1.0 4.567839195979899 0.0
1.0 4.577889447236181 0.0
1.0 4.5879396984924625 0.0
1.0 4.597989949748744 0.0
1.0 4.608040201005025 0.0
1.0 4.618090452261306 0.0
1.0 4.628140703517588 0.0
1.0 4.63819095477387 0.0
1.0 4.648241206030151 0.0
1.0 4.658291457286432 0.0
1.0 4.668341708542713 0.0
1.0 4.678391959798995 0.0
1.0 4.688442211055277 0.0
1.0 4.698492462311558 0.0
1.0 4.708542713567839 0.0
1.0 4.71859296482412 0.0
1.0 4.728643216080402 0.0
1.0 4.738693467336684 0.0
1.0 4.748743718592965 0.0
1.0 4.758793969849246 0.0
1.0 4.768844221105527 0.0
1.0 4.778894472361809 0.0
1.0 4.788944723618091 0.0
1.0 4.798994974874372 0.0
1.0 4.809045226130653 0.0
1.0 4.819095477386934 0.0
1.0 4.8291457286432165 0.0
1.0 4.839195979899498 0.0
1.0 4.849246231155779 0.0
1.0 4.85929648241206 0.0
1.0 4.869346733668341 0.0
1.0 4.8793969849246235 0.0
1.0 4.889447236180905 0.0
1.0 4.899497487437186 0.0
1.0 4.909547738693467 0.0
1.0 4.919597989949748 0.0
1.0 4.9296482412060305 0.0
1.0 4.939698492462312 0.0
1.0 4.949748743718593 0.0
1.0 4.959798994974874 0.0
1.0 4.969849246231155 0.0
1.0 4.9798994974874375 0.0
1.0 4.989949748743719 0.0
1.0 5.0 0.0
1.0 5.010050251256281 0.0

0.975 -0.005025125628140704 -1.4050057088420793E-10
0.975 0.005025125628140704 1.4050057088420793E-10
0.975 0.01507537688442211 2.6426126247852217E-10
0.975 0.02512562814070352 3.723398217071873E-10
0.975 0.035175879396984924 4.846934341633328E-10
0.975 0.04522613065326633 6.092288958210943E-10
0.975 0.05527638190954774 7.51734673182374E-10
0.975 0.06532663316582915 9.177375355860301E-10
0.975 0.07537688442211056 1.113198806492336E-9
0.975 0.08542713567839195 1.344925577866863E-9
0.975 0.09547738693467336 1.6209108653862571E-9
0.975 0.10552763819095477 1.9506785637176854E-9
0.975 0.11557788944723618 2.3456710648631172E-9
0.975 0.12562814070351758 2.8197062615797163E-9
0.975 0.135678391959799 3.389528780425101E-9
0.975 0.1457286432160804 4.0754825731309354E-9
0.975 0.15577889447236182 4.902336859744501E-9
0.975 0.1658291457286432 5.900304482321319E-9
0.975 0.17587939698492464 7.106301122741585E-9
0.975 0.18592964824120603 8.56550598158505E-9
0.975 0.19597989949748745 1.0333300059022257E-8
0.975 0.20603015075376885 1.2477678017508986E-8
0.975 0.21608040201005024 1.508225492147737E-8
0.975 0.22613065326633167 1.8250021484871515E-8
0.975 0.23618090452261306 2.2108042823111055E-8
0.975 0.24623115577889448 2.681334871845792E-8
0.975 0.2562814070351759 3.2560331477397164E-8
0.975 0.2663316582914573 3.9590055038840246E-8
0.975 0.2763819095477387 4.8201991909206116E-8
0.975 0.2864321608040201 5.8768850394002114E-8
0.975 0.2964824120603015 7.175534350352726E-8
0.975 0.3065326633165829 8.774199605263765E-8
0.975 0.3165829145728643 1.0745540530115957E-7
0.975 0.32663316582914576 1.3180678607966395E-7
0.975 0.33668341708542715 1.6194117433206977E-7
0.975 0.34673366834170855 1.993003740816085E-7
0.975 0.35678391959798994 2.4570366622280714E-7
0.975 0.36683417085427134 3.034515257008713E-7
0.975 0.3768844221105528 3.7545921356321656E-7
0.975 0.3869346733668342 4.654292522681879E-7
0.975 0.3969849246231156 5.780746317444175E-7
0.975 0.40703517587939697 7.194083664228443E-7
0.975 0.4170854271356784 8.971200495808532E-7
0.975 0.4271356783919598 1.1210667644745287E-6
0.975 0.4371859296482412 1.403914701452092E-6
0.975 0.4472361809045226 1.7619799001985193E-6
0.975 0.457286432160804 2.216332784845342E-6
0.975 0.46733668341708545 2.794253092060697E-6
0.975 0.47738693467336685 3.531151476492583E-6
0.975 0.48743718592964824 4.4731143631541745E-6
0.975 0.49748743718592964 5.680283438021653E-6
0.975 0.507537688442211 7.2313559770193765E-6
0.975 0.5175879396984925 9.229594579289603E-6
0.975 0.5276381909547738 1.1810875333337918E-5
0.975 0.5376884422110553 1.5154496719838114E-5
0.975 0.5477386934673367 1.949773824195159E-5
0.975 0.5577889447236181 2.5155526784694515E-5
0.975 0.5678391959798995 3.2547080723350725E-5
0.975 0.577889447236181 4.2232114225083444E-5
0.975 0.5879396984924623 5.496017820163594E-5
0.975 0.5979899497487438 7.173810508841187E-5
0.975 0.6080402010050251 9.39224756713272E-5
0.975 0.6180904522613065 1.2334677069289907E-4
0.975 0.628140703517588 1.6249674088879878E-4
0.975 0.6381909547738693 2.147530029893921E-4
0.975 0.6482412060301508 2.8472762964049835E-4
0.975 0.6582914572864321 3.7873253068895145E-4
0.975 0.6683417085427136 5.054331368288696E-4
0.975 0.678391959798995 6.767633356834E-4
0.975 0.6884422110552764 9.092097252467255E-4
0.975 0.6984924623115578 0.0012256193102413667
0.975 0.7085427135678392 0.0016577509617901566
0.975 0.7185929648241206 0.002249886268914751
0.975 0.7286432160804021 0.0030639528720422795
0.975 0.7386934673366834 0.004186811935754742
0.975 0.7487437185929648 0.005740648646283273
0.975 0.7587939698492463 0.007897820582173287
0.975 0.7688442211055276 0.010902121775156428
0.975 0.7788944723618091 0.015099294948734548
0.975 0.7889447236180904 0.02098089380465699
0.975 0.7989949748743719 0.029247439776763487
0.975 0.8090452261306533 0.04089949188185716
0.975 0.8190954773869347 0.057369127876029206
0.975 0.8291457286432161 0.08070995886011227
0.975 0.8391959798994975 0.11387194292741121
0.975 0.8492462311557789 0.16109903750988738
0.975 0.8592964824120604 0.22850472127582122
0.975 0.8693467336683417 0.32490488023481295
0.975 0.8793969849246231 0.4630226798420051
0.975 0.8894472361809045 0.661230324435672
0.975 0.8994974874371859 0.946064314803048
0.975 0.9095477386934674 1.3558526742750636
0.975 0.9195979899497487 1.9459366494943773
0.975 0.9296482412060302 2.7961720593858934
0.975 0.9396984924623115 4.02167909265386
0.975 0.949748743718593 5.7882039648318315
0.975 0.9597989949748744 8.334001431579596
0.975 0.9698492462311558 12.000896448056286
0.975 0.9798994974874372 17.278205067867184
0.975 0.9899497487437187 24.864577777192466
0.975 1.0 -63.72355061888373
0.975 1.0100502512562815 24.887213144484043
0.975 1.020100502512563 17.30523840214183
0.975 1.0301507537688441 12.024267338167522
0.975 1.0402010050251256 8.351091435185044
0.975 1.050251256281407 5.7990459352166095
0.975 1.0603015075376885 4.027392873936869
0.975 1.07035175879397 2.7981463632297245
0.975 1.0804020100502514 1.9454459780728093
0.975 1.0904522613065326 1.353914379241409
0.975 1.100502512562814 0.9434182382020951
0.975 1.1105527638190955 0.658373283904617
0.975 1.120603015075377 0.46026102967964866
0.975 1.1306532663316584 0.3224068773631501
0.975 1.1407035175879396 0.2263449475096782
0.975 1.150753768844221 0.1592927367559384
0.975 1.1608040201005025 0.11239983490913354
0.975 1.170854271356784 0.07953516518222725
0.975 1.1809045226130654 0.05644807018162358
0.975 1.1909547738693467 0.04018844999782988
0.975 1.2010050251256281 0.02870614097176971
0.975 1.2110552763819096 0.020574170569193456
0.975 1.221105527638191 0.014797555218966195
0.975 1.2311557788944725 0.010681141030945127
0.975 1.2412060301507537 0.007738189450444851
0.975 1.2512562814070352 0.005627084118881841
0.975 1.2613065326633166 0.00410745437298232
0.975 1.271356783919598 0.0030097144462415213
0.975 1.2814070351758795 0.002213880896960907
0.975 1.2914572864321607 0.0016348144706331796
0.975 1.3015075376884422 0.0012119167028000755
0.975 1.3115577889447236 9.019205179571579E-4
0.975 1.321608040201005 6.738336707090536E-4
0.975 1.3316582914572865 5.053831781589187E-4
0.975 1.3417085427135678 3.805085440069457E-4
0.975 1.3517587939698492 2.875895144042012E-4
0.975 1.3618090452261307 2.181895383169368E-4
0.975 1.3718592964824121 1.6616223324732507E-4
0.975 1.3819095477386936 1.2701405963485774E-4
0.975 1.3919597989949748 9.744833159046653E-5
0.975 1.4020100502512562 7.503794060033579E-5
0.975 1.4120603015075377 5.7989709241705964E-5
0.975 1.4221105527638191 4.4974172054451876E-5
0.975 1.4321608040201006 3.500221680104139E-5
0.975 1.4422110552763818 2.7335392385306215E-5
0.975 1.4522613065326633 2.1420480388675082E-5
0.975 1.4623115577889447 1.684160881338079E-5
0.975 1.4723618090452262 1.3285088977834135E-5
0.975 1.4824120603015076 1.0513509893528268E-5
0.975 1.4924623115577889 8.346590076932784E-6
0.975 1.5025125628140703 6.646977737235268E-6
0.975 1.5125628140703518 5.309686211823533E-6
0.975 1.5226130653266332 4.254208525036672E-6
0.975 1.5326633165829147 3.418612715762903E-6
0.975 1.542713567839196 2.7551062631915942E-6
0.975 1.5527638190954773 2.2266935520127158E-6
0.975 1.5628140703517588 1.8046491301010084E-6
0.975 1.5728643216080402 1.4666017283646223E-6
0.975 1.5829145728643217 1.1950769521870366E-6
0.975 1.5929648241206031 9.763854797649106E-7
0.975 1.6030150753768844 7.997723105420132E-7
0.975 1.6130653266331658 6.567638425275626E-7
0.975 1.6231155778894473 5.406653123196709E-7
0.975 1.6331658291457287 4.4617285516311055E-7
0.975 1.6432160804020102 3.690731915941582E-7
0.975 1.6532663316582914 3.060104957656634E-7
0.975 1.6633165829145728 2.543049160875201E-7
0.975 1.6733668341708543 2.1181091913012148E-7
0.975 1.6834170854271358 1.768064211381699E-7
0.975 1.6934673366834172 1.4790578617282439E-7
0.975 1.7035175879396984 1.2399137519223947E-7
0.975 1.7135678391959799 1.041595523309745E-7
0.975 1.7236180904522613 8.767798730758505E-8
0.975 1.7336683417085428 7.395180666527284E-8
0.975 1.7437185929648242 6.249669424952252E-8
0.975 1.7537688442211055 5.291746268738619E-8
0.975 1.763819095477387 4.4890942633117784E-8
0.975 1.7738693467336684 3.81522878582048E-8
0.975 1.7839195979899498 3.2483989084897154E-8
0.975 1.7939698492462313 2.7707040863729433E-8
0.975 1.8040201005025125 2.3673823741458348E-8
0.975 1.814070351758794 2.0262356070287893E-8
0.975 1.8241206030150754 1.7371641904795853E-8
0.975 1.8341708542713568 1.491789799851596E-8
0.975 1.8442211055276383 1.2831487395428633E-8
0.975 1.8542713567839195 1.1054422173017188E-8
0.975 1.864321608040201 9.53832559068251E-9
0.975 1.8743718592964824 8.242765825347614E-9
0.975 1.8844221105527639 7.133890874518703E-9
0.975 1.8944723618090453 6.183308041221697E-9
0.975 1.9045226130653266 5.367162438575336E-9
0.975 1.914572864321608 4.6653777537173865E-9
0.975 1.9246231155778895 4.061029553464676E-9
0.975 1.934673366834171 3.5398270605148363E-9
0.975 1.9447236180904524 3.0896838650363647E-9
0.975 1.9547738693467338 2.7003616876727818E-9
0.975 1.964824120603015 2.363174254617256E-9
0.975 1.9748743718592965 2.0707407247575534E-9
0.975 1.984924623115578 1.8167800350866483E-9
0.975 1.9949748743718594 1.5959390928162378E-9
0.975 2.0050251256281406 1.4036490120040631E-9
0.975 2.0150753768844223 1.23600462577191E-9
0.975 2.0251256281407035 1.0896633477595701E-9
0.975 2.0351758793969847 9.617601447274369E-10
0.975 2.0452261306532664 8.498359454136202E-10
0.975 2.0552763819095476 7.517772723823969E-10
0.975 2.0653266331658293 6.65765262618121E-10
0.975 2.0753768844221105 5.902325543207274E-10
0.975 2.0854271356783918 5.238267741180822E-10
0.975 2.0954773869346734 4.6537957075061744E-10
0.975 2.1055276381909547 4.1388031633952463E-10
0.975 2.1155778894472363 3.6845374123400377E-10
0.975 2.1256281407035176 3.2834088853014597E-10
0.975 2.135678391959799 2.928828740553034E-10
0.975 2.1457286432160805 2.615070205046924E-10
0.975 2.1557788944723617 2.337150034366082E-10
0.975 2.1658291457286434 2.0907270438429459E-10
0.975 2.1758793969849246 1.8720151440039447E-10
0.975 2.1859296482412063 1.6777087153671803E-10
0.975 2.1959798994974875 1.5049184941377564E-10
0.975 2.2060301507537687 1.3511164225250163E-10
0.975 2.2160804020100504 1.214088154343014E-10
0.975 2.2261306532663316 1.0918921057692157E-10
0.975 2.2361809045226133 9.828241088535121E-11
0.975 2.2462311557788945 8.853868667534171E-11
0.975 2.2562814070351758 7.982635290090496E-11
0.975 2.2663316582914574 7.202948060283967E-11
0.975 2.2763819095477387 6.504591272975932E-11
0.975 2.2864321608040203 5.878554201375341E-11
0.975 2.2964824120603016 5.316881471631463E-11
0.975 2.306532663316583 4.8125429269220933E-11
0.975 2.3165829145728645 4.359320326424903E-11
0.975 2.3266331658291457 3.9517086016058194E-11
0.975 2.3366834170854274 3.5848297135993446E-11
0.975 2.3467336683417086 3.2543574296330766E-11
0.975 2.35678391959799 2.956451570646462E-11
0.975 2.3668341708542715 2.6877004825245305E-11
0.975 2.3768844221105527 2.4450706548121433E-11
0.975 2.3869346733668344 2.2258625577014787E-11
0.975 2.3969849246231156 2.02767189413515E-11
0.975 2.407035175879397 1.8483555721199254E-11
0.975 2.4170854271356785 1.6860017954112086E-11
0.975 2.4271356783919598 1.5389037508187868E-11
0.975 2.4371859296482414 1.4055364393788554E-11
0.975 2.4472361809045227 1.28453625813273E-11
0.975 2.457286432160804 1.1746829906073855E-11
0.975 2.4673366834170856 1.0748839084643586E-11
0.975 2.477386934673367 9.841597251581002E-12
0.975 2.4874371859296485 9.01632175664714E-12
0.975 2.4974874371859297 8.265130251267141E-12
0.975 2.507537688442211 7.58094334224184E-12
0.975 2.5175879396984926 6.957398307545018E-12
0.975 2.527638190954774 6.388772557329389E-12
0.975 2.5376884422110555 5.869915687022869E-12
0.975 2.5477386934673367 5.396189111937343E-12
0.975 2.557788944723618 4.9634123969922294E-12
0.975 2.5678391959798996 4.567815503434542E-12
0.975 2.577889447236181 4.205996268931243E-12
0.975 2.5879396984924625 3.874882519944487E-12
0.975 2.5979899497487438 3.5716982874490594E-12
0.975 2.608040201005025 3.2939336601731223E-12
0.975 2.6180904522613067 3.039317864813066E-12
0.975 2.628140703517588 2.8057952111063756E-12
0.975 2.6381909547738696 2.591503582122676E-12
0.975 2.648241206030151 2.394755187414608E-12
0.975 2.658291457286432 2.214019329417601E-12
0.975 2.6683417085427137 2.0479069622747255E-12
0.975 2.678391959798995 1.8951568475878266E-12
0.975 2.6884422110552766 1.7546231338921955E-12
0.975 2.698492462311558 1.6252642062962337E-12
0.975 2.708542713567839 1.5061326700478035E-12
0.975 2.7185929648241207 1.3963663470716416E-12
0.975 2.728643216080402 1.2951801780165256E-12
0.975 2.7386934673366836 1.2018589342747661E-12
0.975 2.748743718592965 1.1157506549801842E-12
0.975 2.758793969849246 1.0362607333203395E-12
0.975 2.7688442211055277 9.628465847599365E-13
0.975 2.778894472361809 8.950128370923216E-13
0.975 2.7889447236180906 8.323069887265063E-13
0.975 2.798994974874372 7.743154873760173E-13
0.975 2.809045226130653 7.206601864289336E-13
0.975 2.819095477386935 6.709951408211456E-13
0.975 2.829145728643216 6.25003708273425E-13
0.975 2.8391959798994977 5.823959253455141E-13
0.975 2.849246231155779 5.429061309584983E-13
0.975 2.85929648241206 5.062908128852473E-13
0.975 2.869346733668342 4.723266552475354E-13
0.975 2.879396984924623 4.4080876732264297E-13
0.975 2.8894472361809047 4.1154907598270866E-13
0.975 2.899497487437186 3.843748658942119E-13
0.975 2.909547738693467 3.591274532168049E-13
0.975 2.919597989949749 3.35660979981675E-13
0.975 2.92964824120603 3.1384131761851795E-13
0.975 2.9396984924623117 2.9354506925381633E-13
0.975 2.949748743718593 2.7465866143617273E-13
0.975 2.959798994974874 2.570775168701402E-13
0.975 2.969849246231156 2.40705300569877E-13
0.975 2.979899497487437 2.2545323258842694E-13
0.975 2.9899497487437188 2.1123946114658798E-13
0.975 3.0 1.9798849058539147E-13
0.975 3.0100502512562817 1.8563065910534206E-13
0.975 3.020100502512563 1.741016617402797E-13
0.975 3.030150753768844 1.6334211444967417E-13
0.975 3.040201005025126 1.532971556055251E-13
0.975 3.050251256281407 1.4391608150330994E-13
0.975 3.0603015075376887 1.351520128446856E-13
0.975 3.07035175879397 1.2696158942651564E-13
0.975 3.080402010050251 1.19304690529486E-13
0.975 3.090452261306533 1.1214417873297992E-13
0.975 3.100502512562814 1.0544566509358199E-13
0.975 3.1105527638190957 9.917729381487225E-14
0.975 3.120603015075377 9.330954470811572E-14
0.975 3.130653266331658 8.781505189889695E-14
0.975 3.14070351758794 8.266843737534281E-14
0.975 3.150753768844221 7.784615810079429E-14
0.975 3.1608040201005028 7.332636552896667E-14
0.975 3.170854271356784 6.908877646395504E-14
0.975 3.180904522613065 6.511455430197005E-14
0.975 3.190954773869347 6.138619977738891E-14
0.975 3.201005025125628 5.788745041343308E-14
0.975 3.21105527638191 5.4603187948310075E-14
0.975 3.221105527638191 5.151935307168837E-14
0.975 3.2311557788944723 4.8622866864517766E-14
0.975 3.241206030150754 4.590155838804429E-14
0.975 3.251256281407035 4.334409791589414E-14
0.975 3.261306532663317 4.093993534677415E-14
0.975 3.271356783919598 3.867924337507076E-14
0.975 3.2814070351758793 3.6552865032792577E-14
0.975 3.291457286432161 3.4552265249231134E-14
0.975 3.301507537688442 3.2669486104709174E-14
0.975 3.311557788944724 3.0897105482121414E-14
0.975 3.321608040201005 2.922819884489259E-14
0.975 3.3316582914572863 2.765630389270643E-14
0.975 3.341708542713568 2.6175387867096765E-14
0.975 3.351758793969849 2.4779817297920844E-14
0.975 3.361809045226131 2.3464329999018816E-14
0.975 3.371859296482412 2.2224009137153913E-14
0.975 3.3819095477386933 2.105425921275508E-14
0.975 3.391959798994975 1.9950783804176505E-14
0.975 3.4020100502512562 1.8909564939251252E-14
0.975 3.412060301507538 1.7926843968953448E-14
0.975 3.422110552763819 1.699910382808577E-14
0.975 3.4321608040201004 1.612305257715732E-14
0.975 3.442211055276382 1.5295608128088526E-14
0.975 3.4522613065326633 1.4513884064141792E-14
0.975 3.462311557788945 1.3775176471590736E-14
0.975 3.472361809045226 1.3076951707165046E-14
0.975 3.4824120603015074 1.2416835031290977E-14
0.975 3.492462311557789 1.1792600042638664E-14
0.975 3.5025125628140703 1.1202158854526934E-14
0.975 3.512562814070352 1.0643552958363877E-14
0.975 3.522613065326633 1.0114944723552705E-14
0.975 3.5326633165829144 9.614609487197546E-15
0.975 3.542713567839196 9.140928190534683E-15
0.975 3.5527638190954773 8.692380522315383E-15
0.975 3.562814070351759 8.267538532402992E-15
0.975 3.5728643216080402 7.865060681640895E-15
0.975 3.5829145728643215 7.483686296619159E-15
0.975 3.592964824120603 7.122230400335202E-15
0.975 3.6030150753768844 6.779578891924718E-15
0.975 3.613065326633166 6.4546840506475486E-15
0.975 3.6231155778894473 6.146560341165189E-15
0.975 3.6331658291457285 5.854280498853042E-15
0.975 3.64321608040201 5.576971875465075E-15
0.975 3.6532663316582914 5.313813026920183E-15
0.975 3.663316582914573 5.064030526319796E-15
0.975 3.6733668341708543 4.8268959865430485E-15
0.975 3.6834170854271355 4.601723277907701E-15
0.975 3.693467336683417 4.387865927440053E-15
0.975 3.7035175879396984 4.18471468727146E-15
0.975 3.71356783919598 3.991695260579738E-15
0.975 3.7236180904522613 3.808266174326475E-15
0.975 3.7336683417085426 3.633916788811078E-15
0.975 3.7437185929648242 3.468165434774638E-15
0.975 3.7537688442211055 3.310557669445775E-15
0.975 3.763819095477387 3.1606646435303706E-15
0.975 3.7738693467336684 3.018081571711929E-15
0.975 3.7839195979899496 2.8824262997521443E-15
0.975 3.7939698492462313 2.753337961765682E-15
0.975 3.8040201005025125 2.630475721692047E-15
0.975 3.814070351758794 2.513517593403405E-15
0.975 3.8241206030150754 2.4021593342729346E-15
0.975 3.8341708542713566 2.2961134073859713E-15
0.975 3.8442211055276383 2.195108007908012E-15
0.975 3.8542713567839195 2.0988861494314916E-15
0.975 3.864321608040201 2.007204806408983E-15
0.975 3.8743718592964824 1.9198341090457906E-15
0.975 3.884422110552764 1.8365565872711718E-15
0.975 3.8944723618090453 1.7571664606362869E-15
0.975 3.9045226130653266 1.6814689711995848E-15
0.975 3.9145728643216082 1.6092797566578332E-15
0.975 3.9246231155778895 1.5404242611647718E-15
0.975 3.934673366834171 1.4747371814500461E-15
0.975 3.9447236180904524 1.4120619460099995E-15
0.975 3.9547738693467336 1.352250225289595E-15
0.975 3.9648241206030153 1.2951614709123005E-15
0.975 3.9748743718592965 1.2406624821427204E-15
0.975 3.984924623115578 1.1886269978859107E-15
0.975 3.9949748743718594 1.1389353126383068E-15
0.975 4.005025125628141 1.0914739149084965E-15
0.975 4.015075376884422 1.046135146722425E-15
0.975 4.025125628140704 1.0028168829173046E-15
0.975 4.035175879396985 9.614222290121948E-16
0.975 4.045226130653266 9.218592365211693E-16
0.975 4.055276381909548 8.840406346477683E-16
0.975 4.065326633165829 8.478835773672309E-16
0.975 4.075376884422111 8.13309404966339E-16
0.975 4.085427135678392 7.802434191697772E-16
0.975 4.0954773869346734 7.486146710370292E-16
0.975 4.105527638190955 7.183557608653633E-16
0.975 4.115577889447236 6.894026493825071E-16
0.975 4.125628140703518 6.616944795575359E-16
0.975 4.135678391959799 6.351734084004729E-16
0.975 4.1457286432160805 6.097844481602976E-16
0.975 4.155778894472362 5.85475316367732E-16
0.975 4.165829145728643 5.621962942034238E-16
0.975 4.175879396984925 5.399000927042179E-16
0.975 4.185929648241206 5.185417263501559E-16
0.975 4.1959798994974875 4.980783936029092E-16
0.975 4.206030150753769 4.784693639925761E-16
0.975 4.21608040201005 4.596758713743421E-16
0.975 4.226130653266332 4.416610129994875E-16
0.975 4.236180904522613 4.24389654066763E-16
0.975 4.2462311557788945 4.078283374403028E-16
0.975 4.256281407035176 3.9194519823914385E-16
0.975 4.266331658291457 3.7670988302110705E-16
0.975 4.276381909547739 3.62093473300376E-16
0.975 4.28643216080402 3.480684131536616E-16
0.975 4.296482412060302 3.346084406843969E-16
0.975 4.306532663316583 3.2168852312808704E-16
0.975 4.316582914572864 3.0928479539473943E-16
0.975 4.326633165829146 2.973745018563232E-16
0.975 4.336683417085427 2.859359411984953E-16
0.975 4.346733668341709 2.749484141663983E-16
0.975 4.35678391959799 2.643921740442842E-16
0.975 4.366834170854271 2.542483797180375E-16
0.975 4.376884422110553 2.4449905117842917E-16
0.975 4.386934673366834 2.3512702733116156E-16
0.975 4.396984924623116 2.261159259874835E-16
0.975 4.407035175879397 2.174501059164238E-16
0.975 4.417085427135678 2.0911463084650173E-16
0.975 4.42713567839196 2.0109523531119076E-16
0.975 4.437185929648241 1.933782922384394E-16
0.975 4.447236180904523 1.859507821902122E-16
0.975 4.457286432160804 1.7880026416335322E-16
0.975 4.467336683417085 1.719148478680778E-16
0.975 4.477386934673367 1.6528316740511834E-16
0.975 4.4874371859296485 1.588943562669866E-16
0.975 4.49748743718593 1.52738023592987E-16
0.975 4.507537688442211 1.4680423161155008E-16
0.975 4.517587939698492 1.410834742071524E-16
0.975 4.527638190954774 1.3556665655257346E-16
0.975 4.5376884422110555 1.3024507575052194E-16
0.975 4.547738693467337 1.2511040243175357E-16
0.975 4.557788944723618 1.2015466325971487E-16
0.975 4.567839195979899 1.153702242944893E-16
0.975 4.577889447236181 1.1074977517140973E-16
0.975 4.5879396984924625 1.0628631405213698E-16
0.975 4.597989949748744 1.0197313330830003E-16
0.975 4.608040201005025 9.780380589996426E-17
0.975 4.618090452261306 9.377217241323215E-17
0.975 4.628140703517588 8.987232872321088E-17
0.975 4.63819095477387 8.609861425039824E-17
0.975 4.648241206030151 8.244560078025281E-17
0.975 4.658291457286432 7.890808181733483E-17
0.975 4.668341708542713 7.548106244692914E-17
0.975 4.678391959798995 7.215974967850694E-17
0.975 4.688442211055277 6.893954324674197E-17
0.975 4.698492462311558 6.581602684708421E-17
0.975 4.708542713567839 6.278495978410814E-17
0.975 4.71859296482412 5.98422690119991E-17
0.975 4.728643216080402 5.698404154762662E-17
0.975 4.738693467336684 5.42065172376757E-17
0.975 4.748743718592965 5.150608186227565E-17
0.975 4.758793969849246 4.8879260558481914E-17
0.975 4.768844221105527 4.6322711547829035E-17
0.975 4.778894472361809 4.383322015299199E-17
0.975 4.788944723618091 4.1407693089365896E-17
0.975 4.798994974874372 3.904315301810527E-17
0.975 4.809045226130653 3.673673334785566E-17
0.975 4.819095477386934 3.4485673273065516E-17
0.975 4.8291457286432165 3.228731303738423E-17
0.975 4.839195979899498 3.013908941123953E-17
0.975 4.849246231155779 2.803853137324135E-17
0.975 4.85929648241206 2.5983255985584213E-17
0.975 4.869346733668341 2.397096445411822E-17
0.975 4.8793969849246235 2.1999438364228022E-17
0.975 4.889447236180905 2.0066536084106443E-17
0.975 4.899497487437186 1.817018932743054E-17
0.975 4.909547738693467 1.630839986784854E-17
0.975 4.919597989949748 1.447923639806486E-17
0.975 4.9296482412060305 1.2680831526669591E-17
0.975 4.939698492462312 1.0911378906199287E-17
0.975 4.949748743718593 9.169130486238297E-18
0.975 4.959798994974874 7.452393885676033E-18
0.975 4.969849246231155 5.7595298785253685E-18
0.975 4.9798994974874375 4.088949987982282E-18
0.975 4.989949748743719 2.439114183667952E-18
0.975 5.0 8.085286772414534E-19
0.975 5.010050251256281 -8.042561881936884E-19

0.95 -0.005025125628140704 -3.2096264072483007E-9
0.95 0.005025125628140704 3.2096264072483007E-9
0.95 0.01507537688442211 6.016555162392966E-9
0.95 0.02512562814070352 8.440937686060165E-9
0.95 0.035175879396984924 1.0931489369895752E-8
0.95 0.04522613065326633 1.3660023625375638E-8
0.95 0.05527638190954774 1.6747541305486265E-8
0.95 0.06532663316582915 2.030597195347843E-8
0.95 0.07537688442211056 2.4453268336863994E-8
0.95 0.08542713567839195 2.9321786049948276E-8
0.95 0.09547738693467336 3.5064776680088045E-8
0.95 0.10552763819095477 4.18626560843175E-8
0.95 0.11557788944723618 4.992982315740034E-8
0.95 0.12562814070351758 5.9522525935511243E-8
0.95 0.135678391959799 7.094819797993438E-8
0.95 0.1457286432160804 8.457670032065717E-8
0.95 0.15577889447236182 1.0085396417928299E-7
0.95 0.1658291457286432 1.2031862525086574E-7
0.95 0.17587939698492464 1.4362237013338618E-7
0.95 0.18592964824120603 1.715548834911249E-7
0.95 0.19597989949748745 2.0507449825227043E-7
0.95 0.20603015075376885 2.453459213469904E-7
0.95 0.21608040201005024 2.937867485231492E-7
0.95 0.22613065326633167 3.521249122487122E-7
0.95 0.23618090452261306 4.2246975060628055E-7
0.95 0.24623115577889448 5.074000732361262E-7
0.95 0.2562814070351759 6.100734724229801E-7
0.95 0.2663316582914573 7.343622343522518E-7
0.95 0.2763819095477387 8.850226131154881E-7
0.95 0.2864321608040201 1.0679060230775125E-6
0.95 0.2964824120603015 1.2902229934623646E-6
0.95 0.3065326633165829 1.5608736546349432E-6
0.95 0.3165829145728643 1.8908622730646358E-6
0.95 0.32663316582914576 2.2938181612821705E-6
0.95 0.33668341708542715 2.7866514728388414E-6
0.95 0.34673366834170855 3.3903803582826772E-6
0.95 0.35678391959798994 4.131176239886246E-6
0.95 0.36683417085427134 5.04168725906407E-6
0.95 0.3768844221105528 6.1627171781928E-6
0.95 0.3869346733668342 7.545359383729694E-6
0.95 0.3969849246231156 9.253714728504162E-6
0.95 0.40703517587939697 1.1368359863925834E-5
0.95 0.4170854271356784 1.3990782218618556E-5
0.95 0.4271356783919598 1.724906254831346E-5
0.95 0.4371859296482412 2.1305170880820585E-5
0.95 0.4472361809045226 2.6364353178298646E-5
0.95 0.457286432160804 3.268723274651879E-5
0.95 0.46733668341708545 4.0605443814420566E-5
0.95 0.47738693467336685 5.05418701092391E-5
0.95 0.48743718592964824 6.303689914743607E-5
0.95 0.49748743718592964 7.878255077181743E-5
0.95 0.507537688442211 9.866693294421138E-5
0.95 0.5175879396984925 1.2383226826417684E-4
0.95 0.5276381909547738 1.5575078735330974E-4
0.95 0.5376884422110553 1.963241891270948E-4
0.95 0.5477386934673367 2.4801424275684865E-4
0.95 0.5577889447236181 3.14014612791552E-4
0.95 0.5678391959798995 3.9847734401422927E-4
0.95 0.577889447236181 5.068119373507479E-4
0.95 0.5879396984924623 6.460809738415698E-4
0.95 0.5979899497487438 8.25524325556188E-4
0.95 0.6080402010050251 0.0010572548341352297
0.95 0.6180904522613065 0.0013571828801022833
0.95 0.628140703517588 0.0017462467625888219
0.95 0.6381909547738693 0.002252051922529101
0.95 0.6482412060301508 0.0029110569665065015
0.95 0.6582914572864321 0.0037714910564320423
0.95 0.6683417085427136 0.004897249249104894
0.95 0.678391959798995 0.006373094572892867
0.95 0.6884422110552764 0.008311604025714441
0.95 0.6984924623115578 0.010862437655432974
0.95 0.7085427135678392 0.014224694207272619
0.95 0.7185929648241206 0.018663353344216888
0.95 0.7286432160804021 0.02453110322150075
0.95 0.7386934673366834 0.032297221533005745
0.95 0.7487437185929648 0.04258562076042289
0.95 0.7587939698492463 0.05622467428065797
0.95 0.7688442211055276 0.07431197405718747
0.95 0.7788944723618091 0.09829765101756399
0.95 0.7889447236180904 0.13009015139594263
0.95 0.7989949748743719 0.17218809988466321
0.95 0.8090452261306533 0.2278405490765061
0.95 0.8190954773869347 0.3012345787085064
0.95 0.8291457286432161 0.3977022983187839
0.95 0.8391959798994975 0.523926242119276
0.95 0.8492462311557789 0.6880987493757886
0.95 0.8592964824120604 0.8999505372189641
0.95 0.8693467336683417 1.1704958094000715
0.95 0.8793969849246231 1.511229591409347
0.95 0.8894472361809045 1.9323324530177948
0.95 0.8994974874371859 2.4391502234125833
0.95 0.9095477386934674 3.0257643439263533
0.95 0.9195979899497487 3.663766795406578
0.95 0.9296482412060302 4.28327655746343
0.95 0.9396984924623115 4.74159977696103
0.95 0.949748743718593 4.772480897126673
0.95 0.9597989949748744 3.905244327412513
0.95 0.9698492462311558 1.3377630531057823
0.95 0.9798994974874372 -4.2606124449096905
0.95 0.9899497487437187 -15.051265352641913
0.95 1.0 64.9717116564043
0.95 1.0100502512562815 -15.060683965745843
0.95 1.020100502512563 -4.25708232987767
0.95 1.0301507537688441 1.355288069726686
0.95 1.0402010050251256 3.9308766319484865
0.95 1.050251256281407 4.799836188079355
0.95 1.0603015075376885 4.766093649852698
0.95 1.07035175879397 4.302469895014828
0.95 1.0804020100502514 3.6769423955898892
0.95 1.0904522613065326 3.033320916654352
0.95 1.100502512562814 2.4420662629422853
0.95 1.1105527638190955 1.9317791893792458
0.95 1.120603015075377 1.508331704761511
0.95 1.1306532663316584 1.1662083644588885
0.95 1.1407035175879396 0.8950152543619622
0.95 1.150753768844221 0.6830479597943713
0.95 1.1608040201005025 0.5191112079440265
0.95 1.170854271356784 0.393330544171037
0.95 1.1809045226130654 0.29740719025971696
0.95 1.1909547738693467 0.22458484479454888
0.95 1.2010050251256281 0.1694839355942211
0.95 1.2110552763819096 0.1278897711052987
0.95 1.221105527638191 0.09653983190262894
0.95 1.2311557788944725 0.07293153373576039
0.95 1.2412060301507537 0.0551584349770802
0.95 1.2512562814070352 0.04177580435681043
0.95 1.2613065326633166 0.03169307220556748
0.95 1.271356783919598 0.02408935131301023
0.95 1.2814070351758795 0.018347970597109332
0.95 1.2914572864321607 0.014006256192035806
0.95 1.3015075376884422 0.010717305238659318
0.95 1.3115577889447236 0.008221058847221768
0.95 1.321608040201005 0.006322508939181499
0.95 1.3316582914572865 0.0048753336233761865
0.95 1.3417085427135678 0.003769637980182991
0.95 1.3517587939698492 0.0029227851182217716
0.95 1.3618090452261307 0.00227254525219675
0.95 1.3718592964824121 0.0017719791095062885
0.95 1.3819095477386936 0.0013856166555540144
0.95 1.3919597989949748 0.0010866021646281634
0.95 1.4020100502512562 8.545597882039524E-4
0.95 1.4120603015075377 6.739962456857554E-4
0.95 1.4221105527638191 5.331040329887164E-4
0.95 1.4321608040201006 4.2286345842032784E-4
0.95 1.4422110552763818 3.3636782505737665E-4
0.95 1.4522613065326633 2.683154282709382E-4
0.95 1.4623115577889447 2.1462641977164414E-4
0.95 1.4723618090452262 1.7215327654314185E-4
0.95 1.4824120603015076 1.3846155419616142E-4
0.95 1.4924623115577889 1.1166350727113253E-4
0.95 1.5025125628140703 9.029154982943336E-5
0.95 1.5125628140703518 7.320179862105207E-5
0.95 1.5226130653266332 5.9500377542919314E-5
0.95 1.5326633165829147 4.848698037705307E-5
0.95 1.542713567839196 3.961154771906409E-5
0.95 1.5527638190954773 3.2440931229919566E-5
0.95 1.5628140703517588 2.6633181079745247E-5
0.95 1.5728643216080402 2.1917665396210747E-5
0.95 1.5829145728643217 1.8079661717278412E-5
0.95 1.5929648241206031 1.4948385585507855E-5
0.95 1.6030150753768844 1.23876670850078E-5
0.95 1.6130653266331658 1.0288672121325625E-5
0.95 1.6231155778894473 8.564206366432736E-6
0.95 1.6331658291457287 7.144247092495976E-6
0.95 1.6432160804020102 5.972429881312416E-6
0.95 1.6532663316582914 5.003279635757437E-6
0.95 1.6633165829145728 4.2000231074063874E-6
0.95 1.6733668341708543 3.5328568097562065E-6
0.95 1.6834170854271358 2.9775723651108145E-6
0.95 1.6934673366834172 2.514463043671114E-6
0.95 1.7035175879396984 2.1274520176311474E-6
0.95 1.7135678391959799 1.8033958267799753E-6
0.95 1.7236180904522613 1.5315266145869882E-6
0.95 1.7336683417085428 1.3030045155068222E-6
0.95 1.7437185929648242 1.1105576676119236E-6
0.95 1.7537688442211055 9.481920819504185E-7
0.95 1.763819095477387 8.109573222652028E-7
0.95 1.7738693467336684 6.947568673795095E-7
0.95 1.7839195979899498 5.961943220326172E-7
0.95 1.7939698492462313 5.124484479833677E-7
0.95 1.8040201005025125 4.411714123822898E-7
0.95 1.814070351758794 3.804057774046274E-7
0.95 1.8241206030150754 3.285166481688259E-7
0.95 1.8341708542713568 2.841361050549263E-7
0.95 1.8442211055276383 2.461176107125776E-7
0.95 1.8542713567839195 2.1349853182408017E-7
0.95 1.864321608040201 1.8546927497178641E-7
0.95 1.8743718592964824 1.6134782352007412E-7
0.95 1.8844221105527639 1.405586930237573E-7
0.95 1.8944723618090453 1.2261550795368925E-7
0.95 1.9045226130653266 1.0710655167592385E-7
0.95 1.914572864321608 9.368276190439451E-8
0.95 1.9246231155778895 8.204774103308263E-8
0.95 1.934673366834171 7.194942942068136E-8
0.95 1.9447236180904524 6.317315349240947E-8
0.95 1.9547738693467338 5.5535812344754E-8
0.95 1.964824120603015 4.888100870978459E-8
0.95 1.9748743718592965 4.307496451290305E-8
0.95 1.984924623115578 3.800308932983014E-8
0.95 1.9949748743718594 3.356709301051822E-8
0.95 2.0050251256281406 2.9682552551072235E-8
0.95 2.0150753768844223 2.627685873455227E-8
0.95 2.0251256281407035 2.3287480753280693E-8
0.95 2.0351758793969847 2.0660497474832467E-8
0.95 2.0452261306532664 1.834935263099805E-8
0.95 2.0552763819095476 1.6313798326120282E-8
0.95 2.0653266331658293 1.451899714849651E-8
0.95 2.0753768844221105 1.2934758045932294E-8
0.95 2.0854271356783918 1.1534885173337732E-8
0.95 2.0954773869346734 1.0296622282897839E-8
0.95 2.1055276381909547 9.200178025578243E-9
0.95 2.1155778894472363 8.228319864645561E-9
0.95 2.1256281407035176 7.366026247966703E-9
0.95 2.135678391959799 6.600188312225713E-9
0.95 2.1457286432160805 5.919353753271348E-9
0.95 2.1557788944723617 5.313506637420648E-9
0.95 2.1658291457286434 4.773877885694908E-9
0.95 2.1758793969849246 4.292781967236176E-9
0.95 2.1859296482412063 3.86347601485237E-9
0.95 2.1959798994974875 3.480038145743529E-9
0.95 2.2060301507537687 3.1372622513773098E-9
0.95 2.2160804020100504 2.830566926676263E-9
0.95 2.2261306532663316 2.5559165521905626E-9
0.95 2.2361809045226133 2.3097528337898576E-9
0.95 2.2462311557788945 2.0889353509868316E-9
0.95 2.2562814070351758 1.8906898742955153E-9
0.95 2.2663316582914574 1.7125633898795755E-9
0.95 2.2763819095477387 1.552384921059026E-9
0.95 2.2864321608040203 1.4082313651274452E-9
0.95 2.2964824120603016 1.278397673835986E-9
0.95 2.306532663316583 1.161370799725881E-9
0.95 2.3165829145728645 1.0558069106794736E-9
0.95 2.3266331658291457 9.605114436683792E-10
0.95 2.3366834170854274 8.744216274422504E-10
0.95 2.3467336683417086 7.965911542892604E-10
0.95 2.35678391959799 7.261767242495385E-10
0.95 2.3668341708542715 6.624262223256784E-10
0.95 2.3768844221105527 6.04668321199515E-10
0.95 2.3869346733668344 5.52303329486922E-10
0.95 2.3969849246231156 5.047951292836748E-10
0.95 2.407035175879397 4.6166406722079414E-10
0.95 2.4170854271356785 4.224806809216219E-10
0.95 2.4271356783919598 3.868601580306922E-10
0.95 2.4371859296482414 3.544574382038291E-10
0.95 2.4472361809045227 3.249628798980255E-10
0.95 2.457286432160804 2.980984237248598E-10
0.95 2.4673366834170856 2.73614192743356E-10
0.95 2.477386934673367 2.512854775477961E-10
0.95 2.4874371859296485 2.309100605078971E-10
0.95 2.4974874371859297 2.1230583917582688E-10
0.95 2.507537688442211 1.9530871380085179E-10
0.95 2.5175879396984926 1.7977070818617133E-10
0.95 2.527638190954774 1.655582968681126E-10
0.95 2.5376884422110555 1.5255091486812934E-10
0.95 2.5477386934673367 1.4063962912569444E-10
0.95 2.557788944723618 1.297259532193366E-10
0.95 2.5678391959798996 1.1972078917054418E-10
0.95 2.577889447236181 1.105434820414459E-10
0.95 2.5879396984924625 1.0212097471710725E-10
0.95 2.5979899497487438 9.438705173723765E-11
0.95 2.608040201005025 8.728166233636547E-11
0.95 2.6180904522613067 8.075031398890229E-11
0.95 2.628140703517588 7.474352875576986E-11
0.95 2.6381909547738696 6.921635560960493E-11
0.95 2.648241206030151 6.412793269095003E-11
0.95 2.658291457286432 5.94410941312971E-11
0.95 2.6683417085427137 5.5122016681727215E-11
0.95 2.678391959798995 5.113990191806656E-11
0.95 2.6884422110552766 4.7466690263588955E-11
0.95 2.698492462311558 4.4076803485875734E-11
0.95 2.708542713567839 4.094691269207301E-11
0.95 2.7185929648241207 3.805572917223223E-11
0.95 2.728643216080402 3.53838157287155E-11
0.95 2.7386934673366836 3.291341638521106E-11
0.95 2.748743718592965 3.062830259560613E-11
0.95 2.758793969849246 2.851363427419584E-11
0.95 2.7688442211055277 2.6555834147451758E-11
0.95 2.778894472361809 2.474247408644521E-11
0.95 2.7889447236180906 2.3062172220321943E-11
0.95 2.798994974874372 2.150449975698005E-11
0.95 2.809045226130653 2.0059896549092537E-11
0.95 2.819095477386935 1.8719594543409918E-11
0.95 2.829145728643216 1.7475548340260796E-11
0.95 2.8391959798994977 1.6320372169558112E-11
0.95 2.849246231155779 1.5247282660494837E-11
0.95 2.85929648241206 1.4250046845425333E-11
0.95 2.869346733668342 1.3322934895018366E-11
0.95 2.879396984924623 1.2460677132379902E-11
0.95 2.8894472361809047 1.165842491913446E-11
0.95 2.899497487437186 1.091171504700767E-11
0.95 2.909547738693467 1.0216437304784545E-11
0.95 2.919597989949749 9.568804923087536E-12
0.95 2.92964824120603 8.96532762862984E-12
0.95 2.9396984924623117 8.402787065815696E-12
0.95 2.949748743718593 7.878214367098196E-12
0.95 2.959798994974874 7.388869674654162E-12
0.95 2.969849246231156 6.932223434945159E-12
0.95 2.979899497487437 6.505939304831629E-12
0.95 2.9899497487437188 6.107858523291987E-12
0.95 3.0 5.735985616650883E-12
0.95 3.0100502512562817 5.38847531769822E-12
0.95 3.020100502512563 5.063620590326905E-12
0.95 3.030150753768844 4.759841661457709E-12
0.95 3.040201005025126 4.475675971168816E-12
0.95 3.050251256281407 4.209768960205661E-12
0.95 3.0603015075376887 3.96086562150457E-12
0.95 3.07035175879397 3.727802749102305E-12
0.95 3.080402010050251 3.509501823894894E-12
0.95 3.090452261306533 3.304962481218423E-12
0.95 3.100502512562814 3.1132565102093915E-12
0.95 3.1105527638190957 2.93352233941509E-12
0.95 3.120603015075377 2.764959967211666E-12
0.95 3.130653266331658 2.606826299291175E-12
0.95 3.14070351758794 2.45843085883641E-12
0.95 3.150753768844221 2.3191318380473822E-12
0.95 3.1608040201005028 2.1883324624464E-12
0.95 3.170854271356784 2.065477641897008E-12
0.95 3.180904522613065 1.950050884549933E-12
0.95 3.190954773869347 1.841571451999029E-12
0.95 3.201005025125628 1.7395917358115718E-12
0.95 3.21105527638191 1.6436948373080874E-12
0.95 3.221105527638191 1.5534923340235792E-12
0.95 3.2311557788944723 1.4686222176985928E-12
0.95 3.241206030150754 1.3887469899386197E-12
0.95 3.251256281407035 1.3135519028554257E-12
0.95 3.261306532663317 1.2427433330747404E-12
0.95 3.271356783919598 1.1760472784710773E-12
0.95 3.2814070351758793 1.1132079678808984E-12
0.95 3.291457286432161 1.0539865748578155E-12
0.95 3.301507537688442 9.981600272751448E-13
0.95 3.311557788944724 9.455199052583721E-13
0.95 3.321608040201005 8.958714205487439E-13
0.95 3.3316582914572863 8.490324709645828E-13
0.95 3.341708542713568 8.048327641438466E-13
0.95 3.351758793969849 7.631130052241826E-13
0.95 3.361809045226131 7.237241435492714E-13
0.95 3.371859296482412 6.865266738861809E-13
0.95 3.3819095477386933 6.513899880009085E-13
0.95 3.391959798994975 6.18191772771373E-13
0.95 3.4020100502512562 5.868174513213492E-13
0.95 3.412060301507538 5.571596639377278E-13
0.95 3.422110552763819 5.291177857892502E-13
0.95 3.4321608040201004 5.025974786994441E-13
0.95 3.442211055276382 4.775102744417708E-13
0.95 3.4522613065326633 4.5377318722261926E-13
0.95 3.462311557788945 4.313083531992373E-13
0.95 3.472361809045226 4.1004269504642267E-13
0.95 3.4824120603015074 3.899076097389546E-13
0.95 3.492462311557789 3.70838677857595E-13
0.95 3.5025125628140703 3.52775392855968E-13
0.95 3.512562814070352 3.3566090884474535E-13
0.95 3.522613065326633 3.1944180555918997E-13
0.95 3.5326633165829144 3.0406786927699157E-13
0.95 3.542713567839196 2.8949188854624983E-13
0.95 3.5527638190954773 2.7566946366902756E-13
0.95 3.562814070351759 2.625588289647518E-13
0.95 3.5728643216080402 2.501206869104186E-13
0.95 3.5829145728643215 2.3831805332156664E-13
0.95 3.592964824120603 2.2711611279977954E-13
0.95 3.6030150753768844 2.1648208372950738E-13
0.95 3.613065326633166 2.063850921596027E-13
0.95 3.6231155778894473 1.9679605395355636E-13
0.95 3.6331658291457285 1.876875646372665E-13
0.95 3.64321608040201 1.790337964146207E-13
0.95 3.6532663316582914 1.7081040185944937E-13
0.95 3.663316582914573 1.62994423827808E-13
0.95 3.6733668341708543 1.5556421116726083E-13
0.95 3.6834170854271355 1.4849933983009914E-13
0.95 3.693467336683417 1.4178053902542893E-13
0.95 3.7035175879396984 1.3538962207096209E-13
0.95 3.71356783919598 1.2930942162933135E-13
0.95 3.7236180904522613 1.2352372903595249E-13
0.95 3.7336683417085426 1.1801723744602337E-13
0.95 3.7437185929648242 1.1277548854730141E-13
0.95 3.7537688442211055 1.0778482260296299E-13
0.95 3.763819095477387 1.0303233160521057E-13
0.95 3.7738693467336684 9.850581533547566E-14
0.95 3.7839195979899496 9.419374014113993E-14
0.95 3.7939698492462313 9.008520025175762E-14
0.95 3.8040201005025125 8.616988146988262E-14
0.95 3.814070351758794 8.24380270828534E-14
0.95 3.8241206030150754 7.888040585233471E-14
0.95 3.8341708542713566 7.54882819481182E-14
0.95 3.8442211055276383 7.225338670169639E-14
0.95 3.8542713567839195 6.916789206350006E-14
0.95 3.864321608040201 6.62243856554736E-14
0.95 3.8743718592964824 6.341584731790311E-14
0.95 3.884422110552764 6.073562705613996E-14
0.95 3.8944723618090453 5.817742429912665E-14
0.95 3.9045226130653266 5.5735268387457254E-14
0.95 3.9145728643216082 5.340350021412595E-14
0.95 3.9246231155778895 5.1176754946166384E-14
0.95 3.934673366834171 4.9049945760083266E-14
0.95 3.9447236180904524 4.701824852835738E-14
0.95 3.9547738693467336 4.507708739838076E-14
0.95 3.9648241206030153 4.322212120898234E-14
0.95 3.9748743718592965 4.1449230693244037E-14
0.95 3.984924623115578 3.9754506419611086E-14
0.95 3.9949748743718594 3.813423742638002E-14
0.95 4.005025125628141 3.6584900507519225E-14
0.95 4.015075376884422 3.510315011045834E-14
0.95 4.025125628140704 3.3685808808982093E-14
0.95 4.035175879396985 3.232985831670016E-14
0.95 4.045226130653266 3.10324310087421E-14
0.95 4.055276381909548 2.979080192136366E-14
0.95 4.065326633165829 2.860238120104986E-14
0.95 4.075376884422111 2.7464706976477277E-14
0.95 4.085427135678392 2.63754386283577E-14
0.95 4.0954773869346734 2.5332350433735293E-14
0.95 4.105527638190955 2.4333325562761357E-14
0.95 4.115577889447236 2.337635040732551E-14
0.95 4.125628140703518 2.2459509222190897E-14
0.95 4.135678391959799 2.158097906046799E-14
0.95 4.1457286432160805 2.0739024986371056E-14
0.95 4.155778894472362 1.9931995549241345E-14
0.95 4.165829145728643 1.915831850379293E-14
0.95 4.175879396984925 1.8416496762448894E-14
0.95 4.185929648241206 1.7705104566487537E-14
0.95 4.1959798994974875 1.7022783863518093E-14
0.95 4.206030150753769 1.6368240879553563E-14
0.95 4.21608040201005 1.5740242874650004E-14
0.95 4.226130653266332 1.5137615071738956E-14
0.95 4.236180904522613 1.4559237748896368E-14
0.95 4.2462311557788945 1.4004043485868984E-14
0.95 4.256281407035176 1.3471014556221803E-14
0.95 4.266331658291457 1.2959180456978226E-14
0.95 4.276381909547739 1.2467615568101877E-14
0.95 4.28643216080402 1.199543693461693E-14
0.95 4.296482412060302 1.1541802164583703E-14
0.95 4.306532663316583 1.1105907436541272E-14
0.95 4.316582914572864 1.0686985610398993E-14
0.95 4.326633165829146 1.0284304436106813E-14
0.95 4.336683417085427 9.897164854761422E-15
0.95 4.346733668341709 9.524899387111863E-15
0.95 4.35678391959799 9.166870604717245E-15
0.95 4.366834170854271 8.822469679280222E-15
0.95 4.376884422110553 8.491115005934877E-15
0.95 4.386934673366834 8.172250896507487E-15
0.95 4.396984924623116 7.86534633899397E-15
0.95 4.407035175879397 7.569893819710059E-15
0.95 4.417085427135678 7.285408204769625E-15
0.95 4.42713567839196 7.01142567773427E-15
0.95 4.437185929648241 6.747502730454176E-15
0.95 4.447236180904523 6.493215204286245E-15
0.95 4.457286432160804 6.2481573790323515E-15
0.95 4.467336683417085 6.011941107087814E-15
0.95 4.477386934673367 5.7841949904290825E-15
0.95 4.4874371859296485 5.5645635982004876E-15
0.95 4.49748743718593 5.3527067227829655E-15
0.95 4.507537688442211 5.1482986723439455E-15
0.95 4.517587939698492 4.9510275979769464E-15
0.95 4.527638190954774 4.7605948536425276E-15
0.95 4.5376884422110555 4.5767143872195534E-15
0.95 4.547738693467337 4.399112161067425E-15
0.95 4.557788944723618 4.22752560058639E-15
0.95 4.567839195979899 4.061703069344597E-15
0.95 4.577889447236181 3.9014033694175896E-15
0.95 4.5879396984924625 3.746395265658495E-15
0.95 4.597989949748744 3.59645703268566E-15
0.95 4.608040201005025 3.4513760234393255E-15
0.95 4.618090452261306 3.3109482582197928E-15
0.95 4.628140703517588 3.1749780331773646E-15
0.95 4.63819095477387 3.043277547278701E-15
0.95 4.648241206030151 2.915666546825696E-15
0.95 4.658291457286432 2.7919719866515678E-15
0.95 4.668341708542713 2.6720277071647288E-15
0.95 4.678391959798995 2.5556741264544237E-15
0.95 4.688442211055277 2.442757946713084E-15
0.95 4.698492462311558 2.3331318742691095E-15
0.95 4.708542713567839 2.2266543525604354E-15
0.95 4.71859296482412 2.1231893074138598E-15
0.95 4.728643216080402 2.0226059040279185E-15
0.95 4.738693467336684 1.924778315088013E-15
0.95 4.748743718592965 1.8295854994718472E-15
0.95 4.758793969849246 1.7369109910310044E-15
0.95 4.768844221105527 1.6466426969606404E-15
0.95 4.778894472361809 1.5586727052942099E-15
0.95 4.788944723618091 1.472897101083594E-15
0.95 4.798994974874372 1.3892157908472722E-15
0.95 4.809045226130653 1.3075323348902658E-15
0.95 4.819095477386934 1.2277537871195274E-15
0.95 4.8291457286432165 1.14979054199736E-15
0.95 4.839195979899498 1.0735561882933479E-15
0.95 4.849246231155779 9.9896736931227E-16
0.95 4.85929648241206 9.25943649291497E-16
0.95 4.869346733668341 8.544073856766604E-16
0.95 4.8793969849246235 7.842836069987755E-16
0.95 4.889447236180905 7.154998960897142E-16
0.95 4.899497487437186 6.47986278385889E-16
0.95 4.909547738693467 5.816751150823154E-16
0.95 4.919597989949748 5.165010009108921E-16
0.95 4.9296482412060305 4.524006663278021E-16
0.95 4.939698492462312 3.8931288390544197E-16
0.95 4.949748743718593 3.2717837873423744E-16
0.95 4.959798994974874 2.659397426491691E-16
0.95 4.969849246231155 2.0554135210479103E-16
0.95 4.9798994974874375 1.459292895310395E-16
0.95 4.989949748743719 8.705126801021746E-17
0.95 5.0 2.885655912320209E-17
0.95 5.010050251256281 -2.870407617978174E-17

0.9249999999999999 -0.005025125628140704 -3.507003422694851E-8
0.9249999999999999 0.005025125628140704 3.507003422694851E-8
0.9249999999999999 0.01507537688442211 6.551874885089385E-8
0.9249999999999999 0.02512562814070352 9.152491644479307E-8
0.9249999999999999 0.035175879396984924 1.1791680745082105E-7
0.9249999999999999 0.04522613065326633 1.4648170253898073E-7
0.9249999999999999 0.05527638190954774 1.7842826240037475E-7
0.9249999999999999 0.06532663316582915 2.1483631190948283E-7
0.9249999999999999 0.07537688442211056 2.568143128083491E-7
0.9249999999999999 0.08542713567839195 3.055817084456747E-7
0.9249999999999999 0.09547738693467336 3.6252839017064727E-7
0.9249999999999999 0.10552763819095477 4.292688488947729E-7
0.9249999999999999 0.11557788944723618 5.076987535883877E-7
0.9249999999999999 0.12562814070351758 6.000584702626909E-7
0.9249999999999999 0.135678391959799 7.090069907191467E-7
0.9249999999999999 0.1457286432160804 8.377095738721656E-7
0.9249999999999999 0.15577889447236182 9.89942674508826E-7
0.9249999999999999 0.1658291457286432 1.1702202915787756E-6
0.9249999999999999 0.17587939698492464 1.383946666528845E-6
0.9249999999999999 0.18592964824120603 1.637601307443615E-6
0.9249999999999999 0.19597989949748745 1.938963640777437E-6
0.9249999999999999 0.20603015075376885 2.2973862545536107E-6
0.9249999999999999 0.21608040201005024 2.724127770819691E-6
0.9249999999999999 0.22613065326633167 3.2327589694319503E-6
0.9249999999999999 0.23618090452261306 3.839659005741762E-6
0.9249999999999999 0.24623115577889448 4.564622581094492E-6
0.9249999999999999 0.2562814070351759 5.4316039392585126E-6
0.9249999999999999 0.2663316582914573 6.469629829621651E-6
0.9249999999999999 0.2763819095477387 7.713921422897452E-6
0.9249999999999999 0.2864321608040201 9.207274997362867E-6
0.9249999999999999 0.2964824120603015 1.1001763553706924E-5
0.9249999999999999 0.3065326633165829 1.3160837025401282E-5
0.9249999999999999 0.3165829145728643 1.576191826965707E-5
0.9249999999999999 0.32663316582914576 1.8899616621616424E-5
0.9249999999999999 0.33668341708542715 2.268971183532922E-5
0.9249999999999999 0.34673366834170855 2.7274100459480354E-5
0.9249999999999999 0.35678391959798994 3.282694632636398E-5
0.9249999999999999 0.36683417085427134 3.956233971071979E-5
0.9249999999999999 0.3768844221105528 4.774384947664283E-5
0.9249999999999999 0.3869346733668342 5.7696453832007366E-5
0.9249999999999999 0.3969849246231156 6.982146411762337E-5
0.9249999999999999 0.40703517587939697 8.46152200238976E-5
0.9249999999999999 0.4170854271356784 1.0269254356661984E-4
0.9249999999999999 0.4271356783919598 1.2481620566162657E-4
0.9249999999999999 0.4371859296482412 1.5193399938191374E-4
0.9249999999999999 0.4472361809045226 1.8522544870795387E-4
0.9249999999999999 0.457286432160804 2.2616073741204434E-4
0.9249999999999999 0.46733668341708545 2.7657515378454335E-4
0.9249999999999999 0.47738693467336685 3.3876325694539276E-4
0.9249999999999999 0.48743718592964824 4.1559813544596205E-4
0.9249999999999999 0.49748743718592964 5.106826202342289E-4
0.9249999999999999 0.507537688442211 6.285412229365232E-4
0.9249999999999999 0.5175879396984925 7.748640125882477E-4
0.9249999999999999 0.5276381909547738 9.568167660406238E-4
0.9249999999999999 0.5376884422110553 0.0011834357140762032
0.9249999999999999 0.5477386934673367 0.001466130288336318
0.9249999999999999 0.5577889447236181 0.0018193237414851284
0.9249999999999999 0.5678391959798995 0.0022612697193752475
0.9249999999999999 0.577889447236181 0.00281509324099075
0.9249999999999999 0.5879396984924623 0.003510117606275337
0.9249999999999999 0.5979899497487438 0.004383555108327566
0.9249999999999999 0.6080402010050251 0.00548265976055747
0.9249999999999999 0.6180904522613065 0.006867465302356992
0.9249999999999999 0.628140703517588 0.008614262258019803
0.9249999999999999 0.6381909547738693 0.010820004421731942
0.9249999999999999 0.6482412060301508 0.01360787815290907
0.9249999999999999 0.6582914572864321 0.01713431699551528
0.9249999999999999 0.6683417085427136 0.02159779795028336
0.9249999999999999 0.678391959798995 0.027249810856754098
0.9249999999999999 0.6884422110552764 0.03440844224058786
0.9249999999999999 0.6984924623115578 0.043475048108982436
0.9249999999999999 0.7085427135678392 0.054954487325065665
0.9249999999999999 0.7185929648241206 0.06947931769670496
0.9249999999999999 0.7286432160804021 0.08783817342759898
0.9249999999999999 0.7386934673366834 0.11100817411366465
0.9249999999999999 0.7487437185929648 0.14019055862337781
0.9249999999999999 0.7587939698492463 0.17684764591796268
0.9249999999999999 0.7688442211055276 0.22273750014442256
0.9249999999999999 0.7788944723618091 0.27994006038421904
0.9249999999999999 0.7889447236180904 0.3508646716848476
0.9249999999999999 0.7989949748743719 0.43822358233229686
0.9249999999999999 0.8090452261306533 0.5449487663401535
0.9249999999999999 0.8190954773869347 0.6740203389578788
0.9249999999999999 0.8291457286432161 0.828164403949029
0.9249999999999999 0.8391959798994975 1.0093682331899894
0.9249999999999999 0.8492462311557789 1.2181555743407515
0.9249999999999999 0.8592964824120604 1.4525736180162947
0.9249999999999999 0.8693467336683417 1.7068830570354256
0.9249999999999999 0.8793969849246231 1.9700454434810863
0.9249999999999999 0.8894472361809045 2.2243236389224985
0.9249999999999999 0.8994974874371859 2.4447474560250027
0.9249999999999999 0.9095477386934674 2.6010080513401714
0.9249999999999999 0.9195979899497487 2.6647940566208854
0.9249999999999999 0.9296482412060302 2.6280921083853923
0.9249999999999999 0.9396984924623115 2.542210838100326
0.9249999999999999 0.949748743718593 2.594284700151083
0.9249999999999999 0.9597989949748744 3.2493508424350255
0.9249999999999999 0.9698492462311558 5.50413983184321
0.9249999999999999 0.9798994974874372 11.326985523855964
0.9249999999999999 0.9899497487437187 24.40184412260401
0.9249999999999999 1.0 -48.07409349019592
0.9249999999999999 1.0100502512562815 24.420419393778683
0.9249999999999999 1.020100502512563 11.338978822677033
0.9249999999999999 1.0301507537688441 5.511398904683747
0.9249999999999999 1.0402010050251256 3.257966858216376
0.9249999999999999 1.050251256281407 2.6075873900412208
0.9249999999999999 1.0603015075376885 2.560172278817198
0.9249999999999999 1.07035175879397 2.6486739644847574
0.9249999999999999 1.0804020100502514 2.6853808847295753
0.9249999999999999 1.0904522613065326 2.619347607587157
0.9249999999999999 1.100502512562814 2.4593687847326473
0.9249999999999999 1.1105527638190955 2.234585730208405
0.9249999999999999 1.120603015075377 1.9759865925176592
0.9249999999999999 1.1306532663316584 1.708999610087749
0.9249999999999999 1.1407035175879396 1.4516060103598845
0.9249999999999999 1.150753768844221 1.2149185461377514
0.9249999999999999 1.1608040201005025 1.0046351404123717
0.9249999999999999 1.170854271356784 0.8226007626462314
0.9249999999999999 1.1809045226130654 0.6681555407026909
0.9249999999999999 1.1909547738693467 0.5391738665723356
0.9249999999999999 1.2010050251256281 0.4328046329374857
0.9249999999999999 1.2110552763819096 0.3459635914750921
0.9249999999999999 1.221105527638191 0.2756375833104162
0.9249999999999999 1.2311557788944725 0.21905487882149363
0.9249999999999999 1.2412060301507537 0.17376538596912133
0.9249999999999999 1.2512562814070352 0.1376635448850956
0.9249999999999999 1.2613065326633166 0.1089772179008481
0.9249999999999999 1.271356783919598 0.08623837111238902
0.9249999999999999 1.2814070351758795 0.06824576438503269
0.9249999999999999 1.2914572864321607 0.05402591442436977
0.9249999999999999 1.3015075376884422 0.04279590734808006
0.9249999999999999 1.3115577889447236 0.033929879695272044
0.9249999999999999 1.321608040201005 0.02692988664097865
0.9249999999999999 1.3316582914572865 0.021401223917478514
0.9249999999999999 1.3417085427135678 0.017031912569152464
0.9249999999999999 1.3517587939698492 0.013575885461131086
0.9249999999999999 1.3618090452261307 0.010839357976746091
0.9249999999999999 1.3718592964824121 0.008669873994612998
0.9249999999999999 1.3819095477386936 0.006947560901377091
0.9249999999999999 1.3919597989949748 0.0055781848335304885
0.9249999999999999 1.4020100502512562 0.004487658205125697
0.9249999999999999 1.4120603015075377 0.0036177096130947236
0.9249999999999999 1.4221105527638191 0.002922478348226044
0.9249999999999999 1.4321608040201006 0.002365840824669654
0.9249999999999999 1.4422110552763818 0.0019193142162551196
0.9249999999999999 1.4522613065326633 0.0015604139724588626
0.9249999999999999 1.4623115577889447 0.00127136745857319
0.9249999999999999 1.4723618090452262 0.0010381065754071156
0.9249999999999999 1.4824120603015076 8.494786872515353E-4
0.9249999999999999 1.4924623115577889 6.966282674486971E-4
0.9249999999999999 1.5025125628140703 5.725120044127749E-4
0.9249999999999999 1.5125628140703518 4.7151824172753456E-4
0.9249999999999999 1.5226130653266332 3.891680038026453E-4
0.9249999999999999 1.5326633165829147 3.2187984966924416E-4
0.9249999999999999 1.542713567839196 2.667846965709495E-4
0.9249999999999999 1.5527638190954773 2.2157979723616672E-4
0.9249999999999999 1.5628140703517588 1.844134264899074E-4
0.9249999999999999 1.5728643216080402 1.5379368111881152E-4
0.9249999999999999 1.5829145728643217 1.2851623700402482E-4
0.9249999999999999 1.5929648241206031 1.0760702976303496E-4
0.9249999999999999 1.6030150753768844 9.027669997043486E-5
0.9249999999999999 1.6130653266331658 7.588432637511534E-5
0.9249999999999999 1.6231155778894473 6.390850313153477E-5
0.9249999999999999 1.6331658291457287 5.39242331394061E-5
0.9249999999999999 1.6432160804020102 4.5584434955608974E-5
0.9249999999999999 1.6532663316582914 3.860511545968733E-5
0.9249999999999999 1.6633165829145728 3.275346010033731E-5
0.9249999999999999 1.6733668341708543 2.7838249231784716E-5
0.9249999999999999 1.6834170854271358 2.3702132177973198E-5
0.9249999999999999 1.6934673366834172 2.0215387560562736E-5
0.9249999999999999 1.7035175879396984 1.727087479349444E-5
0.9249999999999999 1.7135678391959799 1.4779941923259578E-5
0.9249999999999999 1.7236180904522613 1.2669102643668996E-5
0.9249999999999999 1.7336683417085428 1.0877333041227045E-5
0.9249999999999999 1.7437185929648242 9.353868546171457E-6
0.9249999999999999 1.7537688442211055 8.05640532941177E-6
0.9249999999999999 1.763819095477387 6.949629293641677E-6
0.9249999999999999 1.7738693467336684 6.00401087536914E-6
0.9249999999999999 1.7839195979899498 5.194815903143492E-6
0.9249999999999999 1.7939698492462313 4.501292375163954E-6
0.9249999999999999 1.8040201005025125 3.906000722704676E-6
0.9249999999999999 1.814070351758794 3.394261305873493E-6
0.9249999999999999 1.8241206030150754 2.953697854611443E-6
0.9249999999999999 1.8341708542713568 2.5738595655640395E-6
0.9249999999999999 1.8442211055276383 2.2459077888129384E-6
0.9249999999999999 1.8542713567839195 1.9623558417638868E-6
0.9249999999999999 1.864321608040201 1.7168525934978376E-6
0.9249999999999999 1.8743718592964824 1.504002169409479E-6
0.9249999999999999 1.8844221105527639 1.3192135110267412E-6
0.9249999999999999 1.8944723618090453 1.1585746519061843E-6
0.9249999999999999 1.9045226130653266 1.0187474873694958E-6
0.9249999999999999 1.914572864321608 8.968795636261642E-7
0.9249999999999999 1.9246231155778895 7.905300226722373E-7
0.9249999999999999 1.934673366834171 6.976073391293022E-7
0.9249999999999999 1.9447236180904524 6.16316894728511E-7
0.9249999999999999 1.9547738693467338 5.451167722642441E-7
0.9249999999999999 1.964824120603015 4.826804271283218E-7
0.9249999999999999 1.9748743718592965 4.2786512198581963E-7
0.9249999999999999 1.984924623115578 3.7968519768261896E-7
0.9249999999999999 1.9949748743718594 3.372894083207931E-7
0.9249999999999999 2.0050251256281406 2.9994167648620344E-7
0.9249999999999999 2.0150753768844223 2.670047306559893E-7
0.9249999999999999 2.0251256281407035 2.3792617476089502E-7
0.9249999999999999 2.0351758793969847 2.1222661292123593E-7
0.9249999999999999 2.0452261306532664 1.8948951312739658E-7
0.9249999999999999 2.0552763819095476 1.6935254423545105E-7
0.9249999999999999 2.0653266331658293 1.5150016285089466E-7
0.9249999999999999 2.0753768844221105 1.3565726192050088E-7
0.9249999999999999 2.0854271356783918 1.215837223302273E-7
0.9249999999999999 2.0954773869346734 1.090697334932764E-7
0.9249999999999999 2.1055276381909547 9.793176961320552E-8
0.9249999999999999 2.1155778894472363 8.800912568856225E-8
0.9249999999999999 2.1256281407035176 7.916093193904581E-8
0.9249999999999999 2.135678391959799 7.126357763521762E-8
0.9249999999999999 2.1457286432160805 6.420848568306213E-8
0.9249999999999999 2.1557788944723617 5.7900188065826295E-8
0.9249999999999999 2.1658291457286434 5.225465964019773E-8
0.9249999999999999 2.1758793969849246 4.719787403993662E-8
0.9249999999999999 2.1859296482412063 4.2664550739256965E-8
0.9249999999999999 2.1959798994974875 3.85970668222875E-8
0.9249999999999999 2.2060301507537687 3.494451082065343E-8
0.9249999999999999 2.2160804020100504 3.166185922478474E-8
0.9249999999999999 2.2261306532663316 2.870925903493573E-8
0.9249999999999999 2.2361809045226133 2.6051402069755756E-8
0.9249999999999999 2.2462311557788945 2.3656978756298607E-8
0.9249999999999999 2.2562814070351758 2.1498200838345277E-8
0.9249999999999999 2.2663316582914574 1.955038390426878E-8
0.9249999999999999 2.2763819095477387 1.779158188883374E-8
0.9249999999999999 2.2864321608040203 1.6202266776912063E-8
0.9249999999999999 2.2964824120603016 1.4765047657815793E-8
0.9249999999999999 2.306532663316583 1.3464424069395118E-8
0.9249999999999999 2.3165829145728645 1.228656925036082E-8
0.9249999999999999 2.3266331658291457 1.1219139503688232E-8
0.9249999999999999 2.3366834170854274 1.025110637721533E-8
0.9249999999999999 2.3467336683417086 9.372608801362244E-9
0.9249999999999999 2.35678391959799 8.574822698222106E-9
0.9249999999999999 2.3668341708542715 7.849845899581819E-9
0.9249999999999999 2.3768844221105527 7.190596490945059E-9
0.9249999999999999 2.3869346733668344 6.590722940513986E-9
0.9249999999999999 2.3969849246231156 6.0445245816035465E-9
0.9249999999999999 2.407035175879397 5.546881198613139E-9
0.9249999999999999 2.4170854271356785 5.093190624317277E-9
0.9249999999999999 2.4271356783919598 4.679313393158193E-9
0.9249999999999999 2.4371859296482414 4.301523614259381E-9
0.9249999999999999 2.4472361809045227 3.956465331458106E-9
0.9249999999999999 2.457286432160804 3.64111372786344E-9
0.9249999999999999 2.4673366834170856 3.3527406110790246E-9
0.9249999999999999 2.477386934673367 3.088883683830857E-9
0.9249999999999999 2.4874371859296485 2.8473191646407823E-9
0.9249999999999999 2.4974874371859297 2.6260373755338017E-9
0.9249999999999999 2.507537688442211 2.4232209595518865E-9
0.9249999999999999 2.5175879396984926 2.2372254309249458E-9
0.9249999999999999 2.527638190954774 2.066561795860418E-9
0.9249999999999999 2.5376884422110555 1.9098810126972885E-9
0.9249999999999999 2.5477386934673367 1.7659600871827467E-9
0.9249999999999999 2.557788944723618 1.6336896223508762E-9
0.9249999999999999 2.5678391959798996 1.5120626633303364E-9
0.9249999999999999 2.577889447236181 1.40016469574369E-9
0.9249999999999999 2.5879396984924625 1.2971646725002986E-9
0.9249999999999999 2.5979899497487438 1.202306958000995E-9
0.9249999999999999 2.608040201005025 1.1149040913047494E-9
0.9249999999999999 2.6180904522613067 1.0343302808628523E-9
0.9249999999999999 2.628140703517588 9.600155531859453E-10
0.9249999999999999 2.6381909547738696 8.914404864315076E-10
0.9249999999999999 2.648241206030151 8.281314675222656E-10
0.9249999999999999 2.658291457286432 7.696564181499554E-10
0.9249999999999999 2.6683417085427137 7.156209409895194E-10
0.9249999999999999 2.678391959798995 6.6566484273844E-10
0.9249999999999999 2.6884422110552766 6.194589952854286E-10
0.9249999999999999 2.698492462311558 5.767025004729951E-10
0.9249999999999999 2.708542713567839 5.371201276116909E-10
0.9249999999999999 2.7185929648241207 5.004599961847011E-10
0.9249999999999999 2.728643216080402 4.664914790978797E-10
0.9249999999999999 2.7386934673366836 4.350033044244768E-10
0.9249999999999999 2.748743718592965 4.058018359027798E-10
0.9249999999999999 2.758793969849246 3.787095145013433E-10
0.9249999999999999 2.7688442211055277 3.5356344519920614E-10
0.9249999999999999 2.778894472361809 3.302141147628113E-10
0.9249999999999999 2.7889447236180906 3.0852422775967676E-10
0.9249999999999999 2.798994974874372 2.8836764935093167E-10
0.9249999999999999 2.809045226130653 2.696284445680925E-10
0.9249999999999999 2.819095477386935 2.52200004819324E-10
0.9249999999999999 2.829145728643216 2.359842533005613E-10
0.9249999999999999 2.8391959798994977 2.2089092181930757E-10
0.9249999999999999 2.849246231155779 2.0683689228439942E-10
0.9249999999999999 2.85929648241206 1.937455967829784E-10
0.9249999999999999 2.869346733668342 1.8154647076475324E-10
0.9249999999999999 2.879396984924623 1.7017445439083086E-10
0.9249999999999999 2.8894472361809047 1.595695375865401E-10
0.9249999999999999 2.899497487437186 1.4967634477067193E-10
0.9249999999999999 2.909547738693467 1.404437556226107E-10
0.9249999999999999 2.919597989949749 1.3182455859861549E-10
0.9249999999999999 2.92964824120603 1.2377513422312389E-10
0.9249999999999999 2.9396984924623117 1.1625516546412125E-10
0.9249999999999999 2.949748743718593 1.0922737275658226E-10
0.9249999999999999 2.959798994974874 1.0265727146771575E-10
0.9249999999999999 2.969849246231156 9.651294980480454E-11
0.9249999999999999 2.979899497487437 9.076486535318287E-11
0.9249999999999999 2.9899497487437188 8.538565860039507E-11
0.9249999999999999 3.0 8.034998195470977E-11
0.9249999999999999 3.0100502512562817 7.563434290355918E-11
0.9249999999999999 3.020100502512563 7.121696008164936E-11
0.9249999999999999 3.030150753768844 6.70776311307443E-11
0.9249999999999999 3.040201005025126 6.319761133467995E-11
0.9249999999999999 3.050251256281407 5.955950210506429E-11
0.9249999999999999 3.0603015075376887 5.6147148476329535E-11
0.9249999999999999 3.07035175879397 5.294554484418109E-11
0.9249999999999999 3.080402010050251 4.9940748249799165E-11
0.9249999999999999 3.090452261306533 4.711979857408808E-11
0.9249999999999999 3.100502512562814 4.4470645062455594E-11
0.9249999999999999 3.1105527638190957 4.1982078651595046E-11
0.9249999999999999 3.120603015075377 3.9643669616039746E-11
0.9249999999999999 3.130653266331658 3.7445710094313494E-11
0.9249999999999999 3.14070351758794 3.537916109271781E-11
0.9249999999999999 3.150753768844221 3.343560359954083E-11
0.9249999999999999 3.1608040201005028 3.1607193474075494E-11
0.9249999999999999 3.170854271356784 2.988661980359127E-11
0.9249999999999999 3.180904522613065 2.8267066447580608E-11
0.9249999999999999 3.190954773869347 2.6742176512443187E-11
0.9249999999999999 3.201005025125628 2.5306019521492315E-11
0.9249999999999999 3.21105527638191 2.3953061064965552E-11
0.9249999999999999 3.221105527638191 2.2678134732777854E-11
0.9249999999999999 3.2311557788944723 2.1476416149222677E-11
0.9249999999999999 3.241206030150754 2.0343398943858252E-11
0.9249999999999999 3.251256281407035 1.9274872506538087E-11
0.9249999999999999 3.261306532663317 1.8266901387077856E-11
0.9249999999999999 3.271356783919598 1.7315806211502748E-11
0.9249999999999999 3.2814070351758793 1.6418145997286986E-11
0.9249999999999999 3.291457286432161 1.5570701759569046E-11
0.9249999999999999 3.301507537688442 1.4770461309082258E-11
0.9249999999999999 3.311557788944724 1.4014605150553672E-11
0.9249999999999999 3.321608040201005 1.33004933976596E-11
0.9249999999999999 3.3316582914572863 1.262565362734471E-11
0.9249999999999999 3.341708542713568 1.1987769602466714E-11
0.9249999999999999 3.351758793969849 1.1384670797369679E-11
0.9249999999999999 3.361809045226131 1.081432266616107E-11
0.9249999999999999 3.371859296482412 1.0274817598211965E-11
0.9249999999999999 3.3819095477386933 9.764366509751426E-12
0.9249999999999999 3.391959798994975 9.281291024421897E-12
0.9249999999999999 3.4020100502512562 8.8240161993299E-12
0.9249999999999999 3.412060301507538 8.391063756495461E-12
0.9249999999999999 3.422110552763819 7.981045782699586E-12
0.9249999999999999 3.4321608040201004 7.592658863574014E-12
0.9249999999999999 3.442211055276382 7.224678620393784E-12
0.9249999999999999 3.4522613065326633 6.875954620439374E-12
0.9249999999999999 3.462311557788945 6.5454056340090025E-12
0.9249999999999999 3.472361809045226 6.23201521319961E-12
0.9249999999999999 3.4824120603015074 5.934827569450917E-12
0.9249999999999999 3.492462311557789 5.652943728575139E-12
0.9249999999999999 3.5025125628140703 5.385517943586819E-12
0.9249999999999999 3.512562814070352 5.131754347114342E-12
0.9249999999999999 3.522613065326633 4.890903826527646E-12
0.9249999999999999 3.5326633165829144 4.662261106163696E-12
0.9249999999999999 3.542713567839196 4.445162022182382E-12
0.9249999999999999 3.5527638190954773 4.238980976647233E-12
0.9249999999999999 3.562814070351759 4.043128558405656E-12
0.9249999999999999 3.5728643216080402 3.857049319248645E-12
0.9249999999999999 3.5829145728643215 3.680219694665882E-12
0.9249999999999999 3.592964824120603 3.512146059284627E-12
0.9249999999999999 3.6030150753768844 3.3523629077949096E-12
0.9249999999999999 3.613065326633166 3.2004311528234027E-12
0.9249999999999999 3.6231155778894473 3.0559365318289665E-12
0.9249999999999999 3.6331658291457285 2.918488115657413E-12
0.9249999999999999 3.64321608040201 2.787716911915705E-12
0.9249999999999999 3.6532663316582914 2.663274556809345E-12
0.9249999999999999 3.663316582914573 2.5448320895346456E-12
0.9249999999999999 3.6733668341708543 2.432078803732298E-12
0.9249999999999999 3.6834170854271355 2.3247211708928436E-12
0.9249999999999999 3.693467336683417 2.222481830960848E-12
0.9249999999999999 3.7035175879396984 2.125098645714525E-12
0.9249999999999999 3.71356783919598 2.0323238108036777E-12
0.9249999999999999 3.7236180904522613 1.9439230226126544E-12
0.9249999999999999 3.7336683417085426 1.8596746963783353E-12
0.9249999999999999 3.7437185929648242 1.7793692322375548E-12
0.9249999999999999 3.7537688442211055 1.7028083261052207E-12
0.9249999999999999 3.763819095477387 1.62980432249496E-12
0.9249999999999999 3.7738693467336684 1.5601796065897894E-12
0.9249999999999999 3.7839195979899496 1.4937660330519984E-12
0.9249999999999999 3.7939698492462313 1.4304043892303035E-12
0.9249999999999999 3.8040201005025125 1.3699438905793026E-12
0.9249999999999999 3.814070351758794 1.3122417062521831E-12
0.9249999999999999 3.8241206030150754 1.2571625129633327E-12
0.9249999999999999 3.8341708542713566 1.2045780753437776E-12
0.9249999999999999 3.8442211055276383 1.1543668511298135E-12
0.9249999999999999 3.8542713567839195 1.1064136196345168E-12
0.9249999999999999 3.864321608040201 1.0606091320536007E-12
0.9249999999999999 3.8743718592964824 1.016849782251859E-12
0.9249999999999999 3.884422110552764 9.750372967646815E-13
0.9249999999999999 3.8944723618090453 9.350784428313735E-13
0.9249999999999999 3.9045226130653266 8.9688475335365E-13
0.9249999999999999 3.9145728643216082 8.603722677440632E-13
0.9249999999999999 3.9246231155778895 8.254612876957613E-13
0.9249999999999999 3.934673366834171 7.92076146967025E-13
0.9249999999999999 3.9447236180904524 7.601449943320042E-13
0.9249999999999999 3.9547738693467336 7.295995889030651E-13
0.9249999999999999 3.9648241206030153 7.003751070806418E-13
0.9249999999999999 3.9748743718592965 6.724099604335227E-13
0.9249999999999999 3.984924623115578 6.456456238564768E-13
0.9249999999999999 3.9949748743718594 6.200264733931684E-13
0.9249999999999999 4.005025125628141 5.954996331506347E-13
0.9249999999999999 4.015075376884422 5.720148307674445E-13
0.9249999999999999 4.025125628140704 5.495242609311088E-13
0.9249999999999999 4.035175879396985 5.279824564716254E-13
0.9249999999999999 4.045226130653266 5.073461665872702E-13
0.9249999999999999 4.055276381909548 4.875742417861352E-13
0.9249999999999999 4.065326633165829 4.686275251524699E-13
0.9249999999999999 4.075376884422111 4.504687495708425E-13
0.9249999999999999 4.085427135678392 4.330624405635399E-13
0.9249999999999999 4.0954773869346734 4.1637482441757153E-13
0.9249999999999999 4.105527638190955 4.0037374129730087E-13
0.9249999999999999 4.115577889447236 3.8502856305708474E-13
0.9249999999999999 4.125628140703518 3.7031011548552266E-13
0.9249999999999999 4.135678391959799 3.5619060472905004E-13
0.9249999999999999 4.1457286432160805 3.426435476577062E-13
0.9249999999999999 4.155778894472362 3.2964370595008126E-13
0.9249999999999999 4.165829145728643 3.171670236877047E-13
0.9249999999999999 4.175879396984925 3.0519056826159913E-13
0.9249999999999999 4.185929648241206 2.936924744053725E-13
0.9249999999999999 4.1959798994974875 2.826518911801878E-13
0.9249999999999999 4.206030150753769 2.720489317471997E-13
0.9249999999999999 4.21608040201005 2.6186462577269504E-13
0.9249999999999999 4.226130653266332 2.5208087432020816E-13
0.9249999999999999 4.236180904522613 2.4268040709237406E-13
0.9249999999999999 4.2462311557788945 2.336467418932506E-13
0.9249999999999999 4.256281407035176 2.2496414618932503E-13
0.9249999999999999 4.266331658291457 2.1661760065444796E-13
0.9249999999999999 4.276381909547739 2.0859276459054173E-13
0.9249999999999999 4.28643216080402 2.0087594312213627E-13
0.9249999999999999 4.296482412060302 1.9345405606861255E-13
0.9249999999999999 4.306532663316583 1.8631460840352083E-13
0.9249999999999999 4.316582914572864 1.7944566221548875E-13
0.9249999999999999 4.326633165829146 1.7283581009008012E-13
0.9249999999999999 4.336683417085427 1.664741498365285E-13
0.9249999999999999 4.346733668341709 1.6035026048754817E-13
0.9249999999999999 4.35678391959799 1.5445417950446511E-13
0.9249999999999999 4.366834170854271 1.4877638112370453E-13
0.9249999999999999 4.376884422110553 1.4330775578424144E-13
0.9249999999999999 4.386934673366834 1.3803959057898864E-13
0.9249999999999999 4.396984924623116 1.3296355067625728E-13
0.9249999999999999 4.407035175879397 1.2807166166041375E-13
0.9249999999999999 4.417085427135678 1.2335629274365946E-13
0.9249999999999999 4.42713567839196 1.1881014080350875E-13
0.9249999999999999 4.437185929648241 1.144262152030348E-13
0.9249999999999999 4.447236180904523 1.1019782335329818E-13
0.9249999999999999 4.457286432160804 1.0611855697959306E-13
0.9249999999999999 4.467336683417085 1.0218227905522902E-13
0.9249999999999999 4.477386934673367 9.838311136853707E-14
0.9249999999999999 4.4874371859296485 9.47154226906451E-14
0.9249999999999999 4.49748743718593 9.117381751331705E-14
0.9249999999999999 4.507537688442211 8.775312532780358E-14
0.9249999999999999 4.517587939698492 8.44483904172105E-14
0.9249999999999999 4.527638190954774 8.125486213636005E-14
0.9249999999999999 4.5376884422110555 7.816798565451026E-14
0.9249999999999999 4.547738693467337 7.518339313760718E-14
0.9249999999999999 4.557788944723618 7.229689534798215E-14
0.9249999999999999 4.567839195979899 6.950447364057384E-14
0.9249999999999999 4.577889447236181 6.680227233585995E-14
0.9249999999999999 4.5879396984924625 6.418659145072394E-14
0.9249999999999999 4.597989949748744 6.165387976946756E-14
0.9249999999999999 4.608040201005025 5.920072823811162E-14
0.9249999999999999 4.618090452261306 5.682386366600503E-14
0.9249999999999999 4.628140703517588 5.452014271959445E-14
0.9249999999999999 4.63819095477387 5.2286546193992856E-14
0.9249999999999999 4.648241206030151 5.0120173548727814E-14
0.9249999999999999 4.658291457286432 4.80182376947533E-14
0.9249999999999999 4.668341708542713 4.5978060020473413E-14
0.9249999999999999 4.678391959798995 4.399706564515527E-14
0.9249999999999999 4.688442211055277 4.207277888870257E-14
0.9249999999999999 4.698492462311558 4.020281894732507E-14
0.9249999999999999 4.708542713567839 3.838489576517105E-14
0.9249999999999999 4.71859296482412 3.661680609249461E-14
0.9249999999999999 4.728643216080402 3.4896429721407026E-14
0.9249999999999999 4.738693467336684 3.3221725890712846E-14
0.9249999999999999 4.748743718592965 3.159072985175972E-14
0.9249999999999999 4.758793969849246 3.00015495876367E-14
0.9249999999999999 4.768844221105527 2.845236267843887E-14
0.9249999999999999 4.778894472361809 2.694141330568082E-14
0.9249999999999999 4.788944723618091 2.5467009389285467E-14
0.9249999999999999 4.798994974874372 2.402751985090193E-14
0.9249999999999999 4.809045226130653 2.262137199761532E-14
0.9249999999999999 4.819095477386934 2.1247049020405297E-14
0.9249999999999999 4.8291457286432165 1.990308760198792E-14
0.9249999999999999 4.839195979899498 1.858807562893955E-14
0.9249999999999999 4.849246231155779 1.730065000325186E-14
0.9249999999999999 4.85929648241206 1.60394945487038E-14
0.9249999999999999 4.869346733668341 1.4803338007662202E-14
0.9249999999999999 4.8793969849246235 1.3590952124135675E-14
0.9249999999999999 4.889447236180905 1.240114980910949E-14
0.9249999999999999 4.899497487437186 1.1232783384381367E-14
0.9249999999999999 4.909547738693467 1.0084742901300597E-14
0.9249999999999999 4.919597989949748 8.955954530986278E-15
0.9249999999999999 4.9296482412060305 7.845379022764953E-15
0.9249999999999999 4.939698492462312 6.752010227724184E-15
0.9249999999999999 4.949748743718593 5.674873684426797E-15
0.9249999999999999 4.959798994974874 4.613025263971705E-15
0.9249999999999999 4.969849246231155 3.565549871720822E-15
0.9249999999999999 4.9798994974874375 2.531560203138808E-15
0.9249999999999999 4.989949748743719 1.5101955513133074E-15
0.9249999999999999 5.0 5.006206638379487E-16
0.9249999999999999 5.010050251256281 -4.979753531502839E-16
