t F Q
1.0 -0.005025125628140704 0.0
1.0 0.005025125628140704 0.0
1.0 0.01507537688442211 0.0
1.0 0.02512562814070352 0.0
1.0 0.035175879396984924 0.0
1.0 0.04522613065326633 0.0
1.0 0.05527638190954774 0.0
1.0 0.06532663316582915 0.0
1.0 0.07537688442211056 0.0
1.0 0.08542713567839195 0.0
1.0 0.09547738693467336 0.0
1.0 0.10552763819095477 0.0
1.0 0.11557788944723618 0.0
1.0 0.12562814070351758 0.0
1.0 0.135678391959799 0.0
1.0 0.1457286432160804 0.0
1.0 0.15577889447236182 0.0
1.0 0.1658291457286432 0.0
1.0 0.17587939698492464 0.0
1.0 0.18592964824120603 0.0
1.0 0.19597989949748745 0.0
1.0 0.20603015075376885 0.0
1.0 0.21608040201005024 0.0
1.0 0.22613065326633167 0.0
1.0 0.23618090452261306 0.0
1.0 0.24623115577889448 0.0
1.0 0.2562814070351759 0.0
1.0 0.2663316582914573 0.0
1.0 0.2763819095477387 0.0
1.0 0.2864321608040201 0.0
1.0 0.2964824120603015 0.0
1.0 0.3065326633165829 0.0
1.0 0.3165829145728643 0.0
1.0 0.32663316582914576 0.0
1.0 0.33668341708542715 0.0
1.0 0.34673366834170855 0.0
1.0 0.35678391959798994 0.0
1.0 0.36683417085427134 0.0
1.0 0.3768844221105528 0.0
1.0 0.3869346733668342 0.0
1.0 0.3969849246231156 0.0
1.0 0.40703517587939697 0.0
1.0 0.4170854271356784 0.0
1.0 0.4271356783919598 0.0
1.0 0.4371859296482412 0.0
1.0 0.4472361809045226 0.0
1.0 0.457286432160804 0.0
1.0 0.46733668341708545 0.0
1.0 0.47738693467336685 0.0
1.0 0.48743718592964824 0.0
1.0 0.49748743718592964 0.0
1.0 0.507537688442211 0.0
1.0 0.5175879396984925 0.0
1.0 0.5276381909547738 0.0
1.0 0.5376884422110553 0.0
1.0 0.5477386934673367 0.0
1.0 0.5577889447236181 0.0
1.0 0.5678391959798995 0.0
1.0 0.577889447236181 0.0
1.0 0.5879396984924623 0.0
1.0 0.5979899497487438 0.0
1.0 0.6080402010050251 0.0
1.0 0.6180904522613065 0.0
1.0 0.628140703517588 0.0
1.0 0.6381909547738693 0.0
1.0 0.6482412060301508 0.0
1.0 0.6582914572864321 0.0
1.0 0.6683417085427136 0.0
1.0 0.678391959798995 0.0
1.0 0.6884422110552764 0.0
1.0 0.6984924623115578 0.0
1.0 0.7085427135678392 0.0
1.0 0.7185929648241206 0.0
1.0 0.7286432160804021 0.0
1.0 0.7386934673366834 0.0
1.0 0.7487437185929648 0.0
1.0 0.7587939698492463 0.0
1.0 0.7688442211055276 0.0
1.0 0.7788944723618091 0.0
1.0 0.7889447236180904 0.0
1.0 0.7989949748743719 0.0
1.0 0.8090452261306533 0.0
1.0 0.8190954773869347 0.0
1.0 0.8291457286432161 0.0
1.0 0.8391959798994975 0.0
1.0 0.8492462311557789 0.0
1.0 0.8592964824120604 0.0
1.0 0.8693467336683417 0.0
1.0 0.8793969849246231 0.0
1.0 0.8894472361809045 0.0
1.0 0.8994974874371859 0.0
1.0 0.9095477386934674 0.0
1.0 0.9195979899497487 0.0
1.0 0.9296482412060302 0.0
1.0 0.9396984924623115 0.0
1.0 0.949748743718593 0.0
1.0 0.9597989949748744 0.0
1.0 0.9698492462311558 0.0
1.0 0.9798994974874372 0.0
1.0 0.9899497487437187 0.0
1.0 1.0 99.5
1.0 1.0100502512562815 0.0
1.0 1.020100502512563 0.0
1.0 1.0301507537688441 0.0
1.0 1.0402010050251256 0.0
1.0 1.050251256281407 0.0
1.0 1.0603015075376885 0.0
1.0 1.07035175879397 0.0
1.0 1.0804020100502514 0.0
1.0 1.0904522613065326 0.0
1.0 1.100502512562814 0.0
1.0 1.1105527638190955 0.0
1.0 1.120603015075377 0.0
1.0 1.1306532663316584 0.0
1.0 1.1407035175879396 0.0
1.0 1.150753768844221 0.0
1.0 1.1608040201005025 0.0
1.0 1.170854271356784 0.0
1.0 1.1809045226130654 0.0
1.0 1.1909547738693467 0.0
1.0 1.2010050251256281 0.0
1.0 1.2110552763819096 0.0
1.0 1.221105527638191 0.0
1.0 1.2311557788944725 0.0
1.0 1.2412060301507537 0.0
1.0 1.2512562814070352 0.0
1.0 1.2613065326633166 0.0
1.0 1.271356783919598 0.0
1.0 1.2814070351758795 0.0
1.0 1.2914572864321607 0.0
1.0 1.3015075376884422 0.0
1.0 1.3115577889447236 0.0
1.0 1.321608040201005 0.0
1.0 1.3316582914572865 0.0
1.0 1.3417085427135678 0.0
1.0 1.3517587939698492 0.0
1.0 1.3618090452261307 0.0
1.0 1.3718592964824121 0.0
1.0 1.3819095477386936 0.0
1.0 1.3919597989949748 0.0
1.0 1.4020100502512562 0.0
1.0 1.4120603015075377 0.0
1.0 1.4221105527638191 0.0
1.0 1.4321608040201006 0.0
1.0 1.4422110552763818 0.0
1.0 1.4522613065326633 0.0
1.0 1.4623115577889447 0.0
1.0 1.4723618090452262 0.0
1.0 1.4824120603015076 0.0
1.0 1.4924623115577889 0.0
1.0 1.5025125628140703 0.0
1.0 1.5125628140703518 0.0
1.0 1.5226130653266332 0.0
1.0 1.5326633165829147 0.0
1.0 1.542713567839196 0.0
1.0 1.5527638190954773 0.0
1.0 1.5628140703517588 0.0
1.0 1.5728643216080402 0.0
1.0 1.5829145728643217 0.0
1.0 1.5929648241206031 0.0
1.0 1.6030150753768844 0.0
1.0 1.6130653266331658 0.0
1.0 1.6231155778894473 0.0
1.0 1.6331658291457287 0.0
1.0 1.6432160804020102 0.0
1.0 1.6532663316582914 0.0
1.0 1.6633165829145728 0.0
1.0 1.6733668341708543 0.0
1.0 1.6834170854271358 0.0
1.0 1.6934673366834172 0.0
1.0 1.7035175879396984 0.0
1.0 1.7135678391959799 0.0
1.0 1.7236180904522613 0.0
1.0 1.7336683417085428 0.0
1.0 1.7437185929648242 0.0
1.0 1.7537688442211055 0.0
1.0 1.763819095477387 0.0
1.0 1.7738693467336684 0.0
1.0 1.7839195979899498 0.0
1.0 1.7939698492462313 0.0
1.0 1.8040201005025125 0.0
1.0 1.814070351758794 0.0
1.0 1.8241206030150754 0.0
1.0 1.8341708542713568 0.0
1.0 1.8442211055276383 0.0
1.0 1.8542713567839195 0.0
1.0 1.864321608040201 0.0
1.0 1.8743718592964824 0.0
1.0 1.8844221105527639 0.0
1.0 1.8944723618090453 0.0
1.0 1.9045226130653266 0.0
1.0 1.914572864321608 0.0
1.0 1.9246231155778895 0.0
1.0 1.934673366834171 0.0
1.0 1.9447236180904524 0.0
1.0 1.9547738693467338 0.0
1.0 1.964824120603015 0.0
1.0 1.9748743718592965 0.0
1.0 1.984924623115578 0.0
1.0 1.9949748743718594 0.0
1.0 2.0050251256281406 0.0
1.0 2.0150753768844223 0.0
1.0 2.0251256281407035 0.0
1.0 2.0351758793969847 0.0
1.0 2.0452261306532664 0.0
1.0 2.0552763819095476 0.0
1.0 2.0653266331658293 0.0
1.0 2.0753768844221105 0.0
1.0 2.0854271356783918 0.0
1.0 2.0954773869346734 0.0
1.0 2.1055276381909547 0.0
1.0 2.1155778894472363 0.0
1.0 2.1256281407035176 0.0
1.0 2.135678391959799 0.0
1.0 2.1457286432160805 0.0
1.0 2.1557788944723617 0.0
1.0 2.1658291457286434 0.0
1.0 2.1758793969849246 0.0
1.0 2.1859296482412063 0.0
1.0 2.1959798994974875 0.0
1.0 2.2060301507537687 0.0
1.0 2.2160804020100504 0.0
1.0 2.2261306532663316 0.0
1.0 2.2361809045226133 0.0
1.0 2.2462311557788945 0.0
1.0 2.2562814070351758 0.0
1.0 2.2663316582914574 0.0
1.0 2.2763819095477387 0.0
1.0 2.2864321608040203 0.0
1.0 2.2964824120603016 0.0
1.0 2.306532663316583 0.0
1.0 2.3165829145728645 0.0
1.0 2.3266331658291457 0.0
1.0 2.3366834170854274 0.0
1.0 2.3467336683417086 0.0
1.0 2.35678391959799 0.0
1.0 2.3668341708542715 0.0
1.0 2.3768844221105527 0.0
1.0 2.3869346733668344 0.0
1.0 2.3969849246231156 0.0
1.0 2.407035175879397 0.0
1.0 2.4170854271356785 0.0
1.0 2.4271356783919598 0.0
1.0 2.4371859296482414 0.0
1.0 2.4472361809045227 0.0
1.0 2.457286432160804 0.0
1.0 2.4673366834170856 0.0
1.0 2.477386934673367 0.0
1.0 2.4874371859296485 0.0
1.0 2.4974874371859297 0.0
1.0 2.507537688442211 0.0
1.0 2.5175879396984926 0.0
1.0 2.527638190954774 0.0
1.0 2.5376884422110555 0.0
1.0 2.5477386934673367 0.0
1.0 2.557788944723618 0.0
1.0 2.5678391959798996 0.0
1.0 2.577889447236181 0.0
1.0 2.5879396984924625 0.0
1.0 2.5979899497487438 0.0
1.0 2.608040201005025 0.0
1.0 2.6180904522613067 0.0
1.0 2.628140703517588 0.0
1.0 2.6381909547738696 0.0
1.0 2.648241206030151 0.0
1.0 2.658291457286432 0.0
1.0 2.6683417085427137 0.0
1.0 2.678391959798995 0.0
1.0 2.6884422110552766 0.0
1.0 2.698492462311558 0.0
1.0 2.708542713567839 0.0
1.0 2.7185929648241207 0.0
1.0 2.728643216080402 0.0
1.0 2.7386934673366836 0.0
1.0 2.748743718592965 0.0
1.0 2.758793969849246 0.0
1.0 2.7688442211055277 0.0
1.0 2.778894472361809 0.0
1.0 2.7889447236180906 0.0
1.0 2.798994974874372 0.0
1.0 2.809045226130653 0.0
1.0 2.819095477386935 0.0
1.0 2.829145728643216 0.0
1.0 2.8391959798994977 0.0
1.0 2.849246231155779 0.0
1.0 2.85929648241206 0.0
1.0 2.869346733668342 0.0
1.0 2.879396984924623 0.0
1.0 2.8894472361809047 0.0
1.0 2.899497487437186 0.0
1.0 2.909547738693467 0.0
1.0 2.919597989949749 0.0
1.0 2.92964824120603 0.0
1.0 2.9396984924623117 0.0
1.0 2.949748743718593 0.0
1.0 2.959798994974874 0.0
1.0 2.969849246231156 0.0
1.0 2.979899497487437 0.0
1.0 2.9899497487437188 0.0
1.0 3.0 0.0
1.0 3.0100502512562817 0.0
1.0 3.020100502512563 0.0
1.0 3.030150753768844 0.0
1.0 3.040201005025126 0.0
1.0 3.050251256281407 0.0
1.0 3.0603015075376887 0.0
1.0 3.07035175879397 0.0
1.0 3.080402010050251 0.0
1.0 3.090452261306533 0.0
1.0 3.100502512562814 0.0
1.0 3.1105527638190957 0.0
1.0 3.120603015075377 0.0
1.0 3.130653266331658 0.0
1.0 3.14070351758794 0.0
1.0 3.150753768844221 0.0
1.0 3.1608040201005028 0.0
1.0 3.170854271356784 0.0
1.0 3.180904522613065 0.0
1.0 3.190954773869347 0.0
1.0 3.201005025125628 0.0
1.0 3.21105527638191 0.0
1.0 3.221105527638191 0.0
1.0 3.2311557788944723 0.0
1.0 3.241206030150754 0.0
1.0 3.251256281407035 0.0
1.0 3.261306532663317 0.0
1.0 3.271356783919598 0.0
1.0 3.2814070351758793 0.0
1.0 3.291457286432161 0.0
1.0 3.301507537688442 0.0
1.0 3.311557788944724 0.0
1.0 3.321608040201005 0.0
1.0 3.3316582914572863 0.0
1.0 3.341708542713568 0.0
1.0 3.351758793969849 0.0
1.0 3.361809045226131 0.0
1.0 3.371859296482412 0.0
1.0 3.3819095477386933 0.0
1.0 3.391959798994975 0.0
1.0 3.4020100502512562 0.0
1.0 3.412060301507538 0.0
1.0 3.422110552763819 0.0
1.0 3.4321608040201004 0.0
1.0 3.442211055276382 0.0
1.0 3.4522613065326633 0.0
1.0 3.462311557788945 0.0
1.0 3.472361809045226 0.0
1.0 3.4824120603015074 0.0
1.0 3.492462311557789 0.0
1.0 3.5025125628140703 0.0
1.0 3.512562814070352 0.0
1.0 3.522613065326633 0.0
1.0 3.5326633165829144 0.0
1.0 3.542713567839196 0.0
1.0 3.5527638190954773 0.0
1.0 3.562814070351759 0.0
1.0 3.5728643216080402 0.0
1.0 3.5829145728643215 0.0
1.0 3.592964824120603 0.0
1.0 3.6030150753768844 0.0
1.0 3.613065326633166 0.0
1.0 3.6231155778894473 0.0
1.0 3.6331658291457285 0.0
1.0 3.64321608040201 0.0
1.0 3.6532663316582914 0.0
1.0 3.663316582914573 0.0
1.0 3.6733668341708543 0.0
1.0 3.6834170854271355 0.0
1.0 3.693467336683417 0.0
1.0 3.7035175879396984 0.0
1.0 3.71356783919598 0.0
1.0 3.7236180904522613 0.0
1.0 3.7336683417085426 0.0
1.0 3.7437185929648242 0.0
1.0 3.7537688442211055 0.0
1.0 3.763819095477387 0.0
1.0 3.7738693467336684 0.0
1.0 3.7839195979899496 0.0
1.0 3.7939698492462313 0.0
1.0 3.8040201005025125 0.0
1.0 3.814070351758794 0.0
1.0 3.8241206030150754 0.0
1.0 3.8341708542713566 0.0
1.0 3.8442211055276383 0.0
1.0 3.8542713567839195 0.0
1.0 3.864321608040201 0.0
1.0 3.8743718592964824 0.0
1.0 3.884422110552764 0.0
1.0 3.8944723618090453 0.0
1.0 3.9045226130653266 0.0
1.0 3.9145728643216082 0.0
1.0 3.9246231155778895 0.0
1.0 3.934673366834171 0.0
1.0 3.9447236180904524 0.0
1.0 3.9547738693467336 0.0
1.0 3.9648241206030153 0.0
1.0 3.9748743718592965 0.0
1.0 3.984924623115578 0.0
1.0 3.9949748743718594 0.0
1.0 4.005025125628141 0.0
1.0 4.015075376884422 0.0
1.0 4.025125628140704 0.0
1.0 4.035175879396985 0.0
1.0 4.045226130653266 0.0
1.0 4.055276381909548 0.0
1.0 4.065326633165829 0.0
1.0 4.075376884422111 0.0
1.0 4.085427135678392 0.0
1.0 4.0954773869346734 0.0
1.0 4.105527638190955 0.0
1.0 4.115577889447236 0.0
1.0 4.125628140703518 0.0
1.0 4.135678391959799 0.0
1.0 4.1457286432160805 0.0
1.0 4.155778894472362 0.0
1.0 4.165829145728643 0.0
1.0 4.175879396984925 0.0
1.0 4.185929648241206 0.0
1.0 4.1959798994974875 0.0
1.0 4.206030150753769 0.0
1.0 4.21608040201005 0.0
1.0 4.226130653266332 0.0
1.0 4.236180904522613 0.0
1.0 4.2462311557788945 0.0
1.0 4.256281407035176 0.0
1.0 4.266331658291457 0.0
1.0 4.276381909547739 0.0
1.0 4.28643216080402 0.0
1.0 4.296482412060302 0.0
1.0 4.306532663316583 0.0
1.0 4.316582914572864 0.0
1.0 4.326633165829146 0.0
1.0 4.336683417085427 0.0
1.0 4.346733668341709 0.0
1.0 4.35678391959799 0.0
1.0 4.366834170854271 0.0
1.0 4.376884422110553 0.0
1.0 4.386934673366834 0.0
1.0 4.396984924623116 0.0
1.0 4.407035175879397 0.0
1.0 4.417085427135678 0.0
1.0 4.42713567839196 0.0
1.0 4.437185929648241 0.0
1.0 4.447236180904523 0.0
1.0 4.457286432160804 0.0
1.0 4.467336683417085 0.0
1.0 4.477386934673367 0.0
1.0 4.4874371859296485 0.0
1.0 4.49748743718593 0.0
1.0 4.507537688442211 0.0
1.0 4.517587939698492 0.0
1.0 4.527638190954774 0.0
1.0 4.5376884422110555 0.0
1.0 4.547738693467337 0.0
1.0 4.557788944723618 0.0
1.0 4.567839195979899 0.0
1.0 4.577889447236181 0.0
1.0 4.5879396984924625 0.0
1.0 4.597989949748744 0.0
1.0 4.608040201005025 0.0
1.0 4.618090452261306 0.0
1.0 4.628140703517588 0.0
1.0 4.63819095477387 0.0
1.0 4.648241206030151 0.0
1.0 4.658291457286432 0.0
1.0 4.668341708542713 0.0
1.0 4.678391959798995 0.0
1.0 4.688442211055277 0.0
1.0 4.698492462311558 0.0
1.0 4.708542713567839 0.0
1.0 4.71859296482412 0.0
1.0 4.728643216080402 0.0
1.0 4.738693467336684 0.0
1.0 4.748743718592965 0.0
1.0 4.758793969849246 0.0
1.0 4.768844221105527 0.0
1.0 4.778894472361809 0.0
1.0 4.788944723618091 0.0
1.0 4.798994974874372 0.0
1.0 4.809045226130653 0.0
1.0 4.819095477386934 0.0
1.0 4.8291457286432165 0.0
1.0 4.839195979899498 0.0
1.0 4.849246231155779 0.0
1.0 4.85929648241206 0.0
1.0 4.869346733668341 0.0
1.0 4.8793969849246235 0.0
1.0 4.889447236180905 0.0
1.0 4.899497487437186 0.0
1.0 4.909547738693467 0.0
1.0 4.919597989949748 0.0
1.0 4.9296482412060305 0.0
1.0 4.939698492462312 0.0
1.0 4.949748743718593 0.0
1.0 4.959798994974874 0.0
1.0 4.969849246231155 0.0
1.0 4.9798994974874375 0.0
1.0 4.989949748743719 0.0
1.0 5.0 0.0
1.0 5.010050251256281 0.0

0.9984375 -0.005025125628140704 -2.840491177751022E-40
0.9984375 0.005025125628140704 2.840491177751022E-40
0.9984375 0.01507537688442211 8.461486587691851E-40
0.9984375 0.02512562814070352 2.0193965705768498E-39
0.9984375 0.035175879396984924 4.600530334744515E-39
0.9984375 0.04522613065326633 1.0225694493743695E-38
0.9984375 0.05527638190954774 2.2337185616007887E-38
0.9984375 0.06532663316582915 4.814969663838738E-38
0.9984375 0.07537688442211056 1.027142052805535E-37
0.9984375 0.08542713567839195 2.1731060244243478E-37
0.9984375 0.09547738693467336 4.56760038327081E-37
0.9984375 0.10552763819095477 9.551135286423354E-37
0.9984375 0.11557788944723618 1.9892122600887774E-36
0.9984375 0.12562814070351758 4.130358762962791E-36
0.9984375 0.135678391959799 8.55728067547154E-36
0.9984375 0.1457286432160804 1.7702656549798404E-35
0.9984375 0.15577889447236182 3.6590739165857346E-35
0.9984375 0.1658291457286432 7.56099196367849E-35
0.9984375 0.17587939698492464 1.5627193740423848E-34
0.9984375 0.18592964824120603 3.2320419833167063E-34
0.9984375 0.19597989949748745 6.691889765771668E-34
0.9984375 0.20603015075376885 1.3875991115148119E-33
0.9984375 0.21608040201005024 2.8825594732911508E-33
0.9984375 0.22613065326633167 6.001183665012508E-33
0.9984375 0.23618090452261306 1.2524967108344465E-32
0.9984375 0.24623115577889448 2.6213592354265515E-32
0.9984375 0.2562814070351759 5.503128526752917E-32
0.9984375 0.2663316582914573 1.1591600317590235E-31
0.9984375 0.2763819095477387 2.450420216785859E-31
0.9984375 0.2864321608040201 5.200079246435865E-31
0.9984375 0.2964824120603015 1.1080438670844472E-30
0.9984375 0.3065326633165829 2.371286222768056E-30
0.9984375 0.3165829145728643 5.0978958695754115E-30
0.9984375 0.32663316582914576 1.101224065694986E-29
0.9984375 0.33668341708542715 2.3907499951806288E-29
0.9984375 0.34673366834170855 5.217480485393833E-29
0.9984375 0.35678391959798994 1.144850810607049E-28
0.9984375 0.36683417085427134 2.5263324096997155E-28
0.9984375 0.3768844221105528 5.607598494340887E-28
0.9984375 0.3869346733668342 1.2522722055769914E-27
0.9984375 0.3969849246231156 2.8141421950381566E-27
0.9984375 0.40703517587939697 6.3651469488067475E-27
0.9984375 0.4170854271356784 1.4493566085207193E-26
0.9984375 0.4271356783919598 3.323040267922578E-26
0.9984375 0.4371859296482412 7.673233918685893E-26
0.9984375 0.4472361809045226 1.784812597454127E-25
0.9984375 0.457286432160804 4.182798792753798E-25
0.9984375 0.46733668341708545 9.878483591394467E-25
0.9984375 0.47738693467336685 2.3515343313609912E-24
0.9984375 0.48743718592964824 5.6433741944121434E-24
0.9984375 0.49748743718592964 1.3656567643121788E-23
0.9984375 0.507537688442211 3.3330979542238786E-23
0.9984375 0.5175879396984925 8.206290151691013E-23
0.9984375 0.5276381909547738 2.0385725842577357E-22
0.9984375 0.5376884422110553 5.110624029214293E-22
0.9984375 0.5477386934673367 1.293235475117028E-21
0.9984375 0.5577889447236181 3.3038788021377338E-21
0.9984375 0.5678391959798995 8.52313909335814E-21
0.9984375 0.577889447236181 2.2206965782125066E-20
0.9984375 0.5879396984924623 5.844900186665434E-20
0.9984375 0.5979899497487438 1.5543393621572951E-19
0.9984375 0.6080402010050251 4.177114857621438E-19
0.9984375 0.6180904522613065 1.134613041735474E-18
0.9984375 0.628140703517588 3.115562851729069E-18
0.9984375 0.6381909547738693 8.650008455514E-18
0.9984375 0.6482412060301508 2.4286142469665374E-17
0.9984375 0.6582914572864321 6.896514232673777E-17
0.9984375 0.6683417085427136 1.9810379656176635E-16
0.9984375 0.678391959798995 5.757133672208667E-16
0.9984375 0.6884422110552764 1.6928683660610705E-15
0.9984375 0.6984924623115578 5.037215271075473E-15
0.9984375 0.7085427135678392 1.516871337218325E-14
0.9984375 0.7185929648241206 4.623075664449997E-14
0.9984375 0.7286432160804021 1.4261402981128037E-13
0.9984375 0.7386934673366834 4.4530595152156585E-13
0.9984375 0.7487437185929648 1.407427109295754E-12
0.9984375 0.7587939698492463 4.502564216874519E-12
0.9984375 0.7688442211055276 1.4579554713786013E-11
0.9984375 0.7788944723618091 4.7780430598083305E-11
0.9984375 0.7889447236180904 1.5846553373415515E-10
0.9984375 0.7989949748743719 5.317915751818594E-10
0.9984375 0.8090452261306533 1.8054993099619007E-9
0.9984375 0.8190954773869347 6.200308554905674E-9
0.9984375 0.8291457286432161 2.153192407920964E-8
0.9984375 0.8391959798994975 7.559292537636637E-8
0.9984375 0.8492462311557789 2.6820350194277364E-7
0.9984375 0.8592964824120604 9.613228122280934E-7
0.9984375 0.8693467336683417 3.47946035612794E-6
0.9984375 0.8793969849246231 1.2711245722867093E-5
0.9984375 0.8894472361809045 4.684603588203524E-5
0.9984375 0.8994974874371859 1.740685071816761E-4
0.9984375 0.9095477386934674 6.517239563369844E-4
0.9984375 0.9195979899497487 0.0024570647650524044
0.9984375 0.9296482412060302 0.00932122054879674
0.9984375 0.9396984924623115 0.03555555827783428
0.9984375 0.949748743718593 0.13626323764651904
0.9984375 0.9597989949748744 0.5242379743210255
0.9984375 0.9698492462311558 2.022948296731633
0.9984375 0.9798994974874372 7.822821567489118
0.9984375 0.9899497487437187 30.28797409964981
0.9984375 1.0 17.80281479490705
0.9984375 1.0100502512562815 30.30325004943939
0.9984375 1.020100502512563 7.8243432200776
0.9984375 1.0301507537688441 2.0210889077857326
0.9984375 1.0402010050251256 0.5227681207037103
0.9984375 1.050251256281407 0.13552671071262354
0.9984375 1.0603015075376885 0.03524802713394012
0.9984375 1.07035175879397 0.009205222050099443
0.9984375 1.0804020100502514 0.002416070825171484
0.9984375 1.0904522613065326 6.378756978648772E-4
0.9984375 1.100502512562814 1.695411315237375E-4
0.9984375 1.1105527638190955 4.540179385268206E-5
0.9984375 1.120603015075377 1.2259116521801279E-5
0.9984375 1.1306532663316584 3.3399849411308443E-6
0.9984375 1.1407035175879396 9.187989537978236E-7
0.9984375 1.150753768844221 2.553631757404761E-7
0.9984375 1.1608040201005025 7.174771657804398E-8
0.9984375 1.170854271356784 2.0389141037525403E-8
0.9984375 1.1809045226130654 5.863250782858273E-9
0.9984375 1.1909547738693467 1.7069199281358216E-9
0.9984375 1.2010050251256281 5.032554742431713E-10
0.9984375 1.2110552763819096 1.5031754422414098E-10
0.9984375 1.221105527638191 4.5499013554696756E-11
0.9984375 1.2311557788944725 1.3959560385726547E-11
0.9984375 1.2412060301507537 4.342172570930127E-12
0.9984375 1.2512562814070352 1.3695530688037816E-12
0.9984375 1.2613065326633166 4.380681672293806E-13
0.9984375 1.271356783919598 1.421133608311307E-13
0.9984375 1.2814070351758795 4.676098229284445E-14
0.9984375 1.2914572864321607 1.5606293697431823E-14
0.9984375 1.3015075376884422 5.2830307660324415E-15
0.9984375 1.3115577889447236 1.8139376434655414E-15
0.9984375 1.321608040201005 6.316782009160945E-16
0.9984375 1.3316582914572865 2.2308635357104356E-16
0.9984375 1.3417085427135678 7.989408803704929E-17
0.9984375 1.3517587939698492 2.901177499737447E-17
0.9984375 1.3618090452261307 1.0680678225423957E-17
0.9984375 1.3718592964824121 3.985925878245495E-18
0.9984375 1.3819095477386936 1.507652612300633E-18
0.9984375 1.3919597989949748 5.778915690923007E-19
0.9984375 1.4020100502512562 2.2443567495035356E-19
0.9984375 1.4120603015075377 8.83002682200436E-20
0.9984375 1.4221105527638191 3.5186665200945434E-20
0.9984375 1.4321608040201006 1.4199046963041896E-20
0.9984375 1.4422110552763818 5.801261728872355E-21
0.9984375 1.4522613065326633 2.3992947460306262E-21
0.9984375 1.4623115577889447 1.0042855535711908E-21
0.9984375 1.4723618090452262 4.253604416171613E-22
0.9984375 1.4824120603015076 1.8226217843700832E-22
0.9984375 1.4924623115577889 7.899301016973722E-23
0.9984375 1.5025125628140703 3.4621548855575225E-23
0.9984375 1.5125628140703518 1.5342047676279705E-23
0.9984375 1.5226130653266332 6.872469916245383E-24
0.9984375 1.5326633165829147 3.1113530023557413E-24
0.9984375 1.542713567839196 1.4233364941560472E-24
0.9984375 1.5527638190954773 6.578145915355299E-25
0.9984375 1.5628140703517588 3.0708156020364197E-25
0.9984375 1.5728643216080402 1.447691475574552E-25
0.9984375 1.5829145728643217 6.891109824732259E-26
0.9984375 1.5929648241206031 3.3114119291167756E-26
0.9984375 1.6030150753768844 1.6060881182447446E-26
0.9984375 1.6130653266331658 7.861042957557025E-27
0.9984375 1.6231155778894473 3.882124354056301E-27
0.9984375 1.6331658291457287 1.9340262616067408E-27
0.9984375 1.6432160804020102 9.718192272149022E-28
0.9984375 1.6532663316582914 4.924552050434771E-28
0.9984375 1.6633165829145728 2.5161436017197095E-28
0.9984375 1.6733668341708543 1.2960515694778593E-28
0.9984375 1.6834170854271358 6.729137899448678E-29
0.9984375 1.6934673366834172 3.5211163667643883E-29
0.9984375 1.7035175879396984 1.8566072292920137E-29
0.9984375 1.7135678391959799 9.863128513433564E-30
0.9984375 1.7236180904522613 5.278396324148339E-30
0.9984375 1.7336683417085428 2.8452534313347176E-30
0.9984375 1.7437185929648242 1.5445853652477193E-30
0.9984375 1.7537688442211055 8.443383934157318E-31
0.9984375 1.763819095477387 4.647054692048881E-31
0.9984375 1.7738693467336684 2.574778616938103E-31
0.9984375 1.7839195979899498 1.4359799115763624E-31
0.9984375 1.7939698492462313 8.060276259624964E-32
0.9984375 1.8040201005025125 4.5529462615127463E-32
0.9984375 1.814070351758794 2.587767690764981E-32
0.9984375 1.8241206030150754 1.4797846118542893E-32
0.9984375 1.8341708542713568 8.51262730509088E-33
0.9984375 1.8442211055276383 4.925759166014599E-33
0.9984375 1.8542713567839195 2.8666905188411508E-33
0.9984375 1.864321608040201 1.677804034283397E-33
0.9984375 1.8743718592964824 9.874388184208473E-34
0.9984375 1.8844221105527639 5.843115403565442E-34
0.9984375 1.8944723618090453 3.4761763417072172E-34
0.9984375 1.9045226130653266 2.0789351240108882E-34
0.9984375 1.914572864321608 1.2497454292395389E-34
0.9984375 1.9246231155778895 7.550996455680384E-35
0.9984375 1.934673366834171 4.585118593871559E-35
0.9984375 1.9447236180904524 2.797839939519886E-35
0.9984375 1.9547738693467338 1.715474985507593E-35
0.9984375 1.964824120603015 1.0568156322822613E-35
0.9984375 1.9748743718592965 6.540821253137134E-36
0.9984375 1.984924623115578 4.066766524121878E-36
0.9984375 1.9949748743718594 2.539899742948215E-36
0.9984375 2.0050251256281406 1.5933144940845005E-36
0.9984375 2.0150753768844223 1.0038573369217332E-36
0.9984375 2.0251256281407035 6.351798645657616E-37
0.9984375 2.0351758793969847 4.035943301000118E-37
0.9984375 2.0452261306532664 2.5750582367941797E-37
0.9984375 2.0552763819095476 1.6496561789657736E-37
0.9984375 2.0653266331658293 1.0610493154451273E-37
0.9984375 2.0753768844221105 6.851496562433778E-38
0.9984375 2.0854271356783918 4.441356859718345E-38
0.9984375 2.0954773869346734 2.8900107067360715E-38
0.9984375 2.1055276381909547 1.887602644960947E-38
0.9984375 2.1155778894472363 1.237437864327953E-38
0.9984375 2.1256281407035176 8.141657518534574E-39
0.9984375 2.135678391959799 5.3759387151001344E-39
0.9984375 2.1457286432160805 3.5622451952044066E-39
0.9984375 2.1557788944723617 2.3686331952023253E-39
0.9984375 2.1658291457286434 1.5803500502315605E-39
0.9984375 2.1758793969849246 1.0579562864648886E-39
0.9984375 2.1859296482412063 7.105899091061354E-40
0.9984375 2.1959798994974875 4.7883471678675186E-40
0.9984375 2.2060301507537687 3.2370272465729242E-40
0.9984375 2.2160804020100504 2.1952323575685995E-40
0.9984375 2.2261306532663316 1.493371177407124E-40
0.9984375 2.2361809045226133 1.0190331036676591E-40
0.9984375 2.2462311557788945 6.97465311103642E-41
0.9984375 2.2562814070351758 4.787972592236554E-41
0.9984375 2.2663316582914574 3.2965277652872147E-41
0.9984375 2.2763819095477387 2.2762478655175006E-41
0.9984375 2.2864321608040203 1.5762393144759885E-41
0.9984375 2.2964824120603016 1.0945786337165313E-41
0.9984375 2.306532663316583 7.622136993467773E-42
0.9984375 2.3165829145728645 5.3222419360791614E-42
0.9984375 2.3266331658291457 3.726352986975236E-42
0.9984375 2.3366834170854274 2.615945250315188E-42
0.9984375 2.3467336683417086 1.8412496005315342E-42
0.9984375 2.35678391959799 1.2993328679809254E-42
0.9984375 2.3668341708542715 9.192562991090185E-43
0.9984375 2.3768844221105527 6.51997929950149E-43
0.9984375 2.3869346733668344 4.635904700161555E-43
0.9984375 2.3969849246231156 3.3043573702979276E-43
0.9984375 2.407035175879397 2.3609651204463082E-43
0.9984375 2.4170854271356785 1.6909402769735693E-43
0.9984375 2.4271356783919598 1.2139182824264696E-43
0.9984375 2.4371859296482414 8.734935934122781E-44
0.9984375 2.4472361809045227 6.29978800694254E-44
0.9984375 2.457286432160804 4.553812867375853E-44
0.9984375 2.4673366834170856 3.2990947488783637E-44
0.9984375 2.477386934673367 2.3953684407171893E-44
0.9984375 2.4874371859296485 1.7429927189103295E-44
0.9984375 2.4974874371859297 1.271020474554543E-44
0.9984375 2.507537688442211 9.288198102579093E-45
0.9984375 2.5175879396984926 6.801751774193965E-45
0.9984375 2.527638190954774 4.9912476183347735E-45
0.9984375 2.5376884422110555 3.6701627753404957E-45
0.9984375 2.5477386934673367 2.7041977690023493E-45
0.9984375 2.557788944723618 1.9964467094014424E-45
0.9984375 2.5678391959798996 1.476837000075296E-45
0.9984375 2.577889447236181 1.0945927907894336E-45
0.9984375 2.5879396984924625 8.128446765357166E-46
0.9984375 2.5979899497487438 6.047661491667993E-46
0.9984375 2.608040201005025 4.507984807478012E-46
0.9984375 2.6180904522613067 3.366532240185656E-46
0.9984375 2.628140703517588 2.518714516202812E-46
0.9984375 2.6381909547738696 1.8878243137347047E-46
0.9984375 2.648241206030151 1.417494738248636E-46
0.9984375 2.658291457286432 1.0662266367544322E-46
0.9984375 2.6683417085427137 8.034093575805096E-47
0.9984375 2.678391959798995 6.064217507330379E-47
0.9984375 2.6884422110552766 4.585160749040924E-47
0.9984375 2.698492462311558 3.4727042744220824E-47
0.9984375 2.708542713567839 2.6345481657430947E-47
0.9984375 2.7185929648241207 2.0019876402885389E-47
0.9984375 2.728643216080402 1.523791279222549E-47
0.9984375 2.7386934673366836 1.1616906224346323E-47
0.9984375 2.748743718592965 8.870509887814524E-48
0.9984375 2.758793969849246 6.784097855901188E-48
0.9984375 2.7688442211055277 5.196530513798885E-48
0.9984375 2.778894472361809 3.9866240151995205E-48
0.9984375 2.7889447236180906 3.063092920218881E-48
0.9984375 2.798994974874372 2.3570617105010612E-48
0.9984375 2.809045226130653 1.8164796138686742E-48
0.9984375 2.819095477386935 1.401948023771406E-48
0.9984375 2.829145728643216 1.0835980894064908E-48
0.9984375 2.8391959798994977 8.387503448394343E-49
0.9984375 2.849246231155779 6.501576696395632E-49
0.9984375 2.85929648241206 5.046840757284501E-49
0.9984375 2.869346733668342 3.923096421591581E-49
0.9984375 2.879396984924623 3.0537991219250016E-49
0.9984375 2.8894472361809047 2.3803881647874437E-49
0.9984375 2.899497487437186 1.8579959187086722E-49
0.9984375 2.909547738693467 1.4521962218942218E-49
0.9984375 2.919597989949749 1.1365366106270519E-49
0.9984375 2.92964824120603 8.906626365098151E-50
0.9984375 2.9396984924623117 6.98890114475264E-50
0.9984375 2.949748743718593 5.491167476057368E-50
0.9984375 2.959798994974874 4.319912619661384E-50
0.9984375 2.969849246231156 3.4027821867685664E-50
0.9984375 2.979899497487437 2.6837173273273563E-50
0.9984375 2.9899497487437188 2.1192266939185186E-50
0.9984375 3.0 1.675524412020942E-50
0.9984375 3.0100502512562817 1.3263298726912648E-50
0.9984375 3.020100502512563 1.0511740085807386E-50
0.9984375 3.030150753768844 8.340937080217496E-51
0.9984375 3.040201005025126 6.626240799843007E-51
0.9984375 3.050251256281407 5.270195934758794E-51
0.9984375 3.0603015075376887 4.19651323630616E-51
0.9984375 3.07035175879397 3.345398818906495E-51
0.9984375 3.080402010050251 2.6699302312955408E-51
0.9984375 3.090452261306533 2.1332411332640947E-51
0.9984375 3.100502512562814 1.7063314050804722E-51
0.9984375 3.1105527638190957 1.36636162705902E-51
0.9984375 3.120603015075377 1.0953231559133859E-51
0.9984375 3.130653266331658 8.789998154789016E-52
0.9984375 3.14070351758794 7.061562780043006E-52
0.9984375 3.150753768844221 5.6790288276606965E-52
0.9984375 3.1608040201005028 4.571979459128587E-52
0.9984375 3.170854271356784 3.6845734127683954E-52
0.9984375 3.180904522613065 2.972478740896545E-52
0.9984375 3.190954773869347 2.400461854882466E-52
0.9984375 3.201005025125628 1.940489658360829E-52
0.9984375 3.21105527638191 1.5702338807358289E-52
0.9984375 3.221105527638191 1.2718910506795311E-52
0.9984375 3.2311557788944723 1.0312504609183088E-52
0.9984375 3.241206030150754 8.369571943292172E-53
0.9984375 3.251256281407035 6.79928750236443E-53
0.9984375 3.261306532663317 5.528927567362284E-53
0.9984375 3.271356783919598 4.500202424690043E-53
0.9984375 3.2814070351758793 3.666344048100253E-53
0.9984375 3.291457286432161 2.989790881928945E-53
0.9984375 3.301507537688442 2.44034537765072E-53
0.9984375 3.311557788944724 1.9937062289251252E-53
0.9984375 3.321608040201005 1.6302979006170784E-53
0.9984375 3.3316582914572863 1.334336283442911E-53
0.9984375 3.341708542713568 1.0930820852766596E-53
0.9984375 3.351758793969849 8.962436395041826E-54
0.9984375 3.361809045226131 7.354987532647553E-54
0.9984375 3.371859296482412 6.041114898279382E-54
0.9984375 3.3819095477386933 4.966247364692622E-54
0.9984375 3.391959798994975 4.0861333152600075E-54
0.9984375 3.4020100502512562 3.36485631036141E-54
0.9984375 3.412060301507538 2.773238585890382E-54
0.9984375 3.422110552763819 2.2875553700558058E-54
0.9984375 3.4321608040201004 1.888498536372789E-54
0.9984375 3.442211055276382 1.5603404624076173E-54
0.9984375 3.4522613065326633 1.2902587962427808E-54
0.9984375 3.462311557788945 1.0677906672420296E-54
0.9984375 3.472361809045226 8.843911264899987E-55
0.9984375 3.4824120603015074 7.330755910348234E-55
0.9984375 3.492462311557789 6.081300526535851E-55
0.9984375 3.5025125628140703 5.048760006201451E-55
0.9984375 3.512562814070352 4.194795609442616E-55
0.9984375 3.522613065326633 3.487964004303816E-55
0.9984375 3.5326633165829144 2.902455849162511E-55
0.9984375 3.542713567839196 2.4170689852154236E-55
0.9984375 3.5527638190954773 2.0143718941506287E-55
0.9984375 3.562814070351759 1.6800215909692403E-55
0.9984375 3.5728643216080402 1.4022069765006937E-55
0.9984375 3.5829145728643215 1.1711941970689767E-55
0.9984375 3.592964824120603 9.789550126373999E-56
0.9984375 3.6030150753768844 8.188627696514166E-56
0.9984375 3.613065326633166 6.854434788891879E-56
0.9984375 3.6231155778894473 5.741718466803642E-56
0.9984375 3.6331658291457285 4.813040079472504E-56
0.9984375 3.64321608040201 4.0374024842092803E-56
0.9984375 3.6532663316582914 3.3891225079527E-56
0.9984375 3.663316582914573 2.8469041155855083E-56
0.9984375 3.6733668341708543 2.393075968995444E-56
0.9984375 3.6834170854271355 2.0129637376299248E-56
0.9984375 3.693467336683417 1.6943729512580092E-56
0.9984375 3.7035175879396984 1.427162605200866E-56
0.9984375 3.71356783919598 1.2028933283286254E-56
0.9984375 3.7236180904522613 1.0145368589424955E-56
0.9984375 3.7336683417085426 8.562359680759226E-57
0.9984375 3.7437185929648242 7.231059247977307E-57
0.9984375 3.7537688442211055 6.110701956483424E-57
0.9984375 3.763819095477387 5.167243767688057E-57
0.9984375 3.7738693467336684 4.3722342646151367E-57
0.9984375 3.7839195979899496 3.70188141602251E-57
0.9984375 3.7939698492462313 3.1362753906677355E-57
0.9984375 3.8040201005025125 2.6587439206838184E-57
0.9984375 3.814070351758794 2.25531654574497E-57
0.9984375 3.8241206030150754 1.9142790396516488E-57
0.9984375 3.8341708542713566 1.6258025845677992E-57
0.9984375 3.8442211055276383 1.3816349430320824E-57
0.9984375 3.8542713567839195 1.1748430882574654E-57
0.9984375 3.864321608040201 9.995985742943856E-58
0.9984375 3.8743718592964824 8.509984290078118E-58
0.9984375 3.884422110552764 7.249155915052422E-58
0.9984375 3.8944723618090453 6.17873938331205E-58
0.9984375 3.9045226130653266 5.269437876722951E-58
0.9984375 3.9145728643216082 4.496544693737773E-58
0.9984375 3.9246231155778895 3.8392112650875244E-58
0.9984375 3.934673366834171 3.2798339271717386E-58
0.9984375 3.9447236180904524 2.8035398593143425E-58
0.9984375 3.9547738693467336 2.3977558772848927E-58
0.9984375 3.9648241206030153 2.0518465016640497E-58
0.9984375 3.9748743718592965 1.7568099827082525E-58
0.9984375 3.984924623115578 1.5050228432512606E-58
0.9984375 3.9949748743718594 1.2900250637777072E-58
0.9984375 4.005025125628141 1.1063393335133322E-58
0.9984375 4.015075376884422 9.493188731256261E-59
0.9984375 4.025125628140704 8.150192355473826E-59
0.9984375 4.035175879396985 7.0009024223180804E-59
0.9984375 4.045226130653266 6.016848382332464E-59
0.9984375 4.055276381909548 5.1738217192625925E-59
0.9984375 4.065326633165829 4.451226413653458E-59
0.9984375 4.075376884422111 3.831530137072274E-59
0.9984375 4.085427135678392 3.2998002876409423E-59
0.9984375 4.0954773869346734 2.84331152589874E-59
0.9984375 4.105527638190955 2.451213602972156E-59
0.9984375 4.115577889447236 2.114250059391861E-59
0.9984375 4.125628140703518 1.824519869885693E-59
0.9984375 4.135678391959799 1.5752753647163906E-59
0.9984375 4.1457286432160805 1.3607508112879354E-59
0.9984375 4.155778894472362 1.1760169238701366E-59
0.9984375 4.165829145728643 1.016857311950752E-59
0.9984375 4.175879396984925 8.796635019167641E-60
0.9984375 4.185929648241206 7.613456916920609E-60
0.9984375 4.1959798994974875 6.592568396581037E-60
0.9984375 4.206030150753769 5.711280610645256E-60
0.9984375 4.21608040201005 4.9501361841189164E-60
0.9984375 4.226130653266332 4.292440563433162E-60
0.9984375 4.236180904522613 3.723862542733301E-60
0.9984375 4.2462311557788945 3.232093578950541E-60
0.9984375 4.256281407035176 2.806557093596624E-60
0.9984375 4.266331658291457 2.438160299448917E-60
0.9984375 4.276381909547739 2.1190822230749265E-60
0.9984375 4.28643216080402 1.8425925521092573E-60
0.9984375 4.296482412060302 1.6028967467579278E-60
0.9984375 4.306532663316583 1.3950035412133187E-60
0.9984375 4.316582914572864 1.2146115419046062E-60
0.9984375 4.326633165829146 1.0580121221005162E-60
0.9984375 4.336683417085427 9.220062300636034E-61
0.9984375 4.346733668341709 8.038330823047714E-61
0.9984375 4.35678391959799 7.01109014262755E-61
0.9984375 4.366834170854271 6.1177501616716396E-61
0.9984375 4.376884422110553 5.340516988821278E-61
0.9984375 4.386934673366834 4.6640061903603556E-61
0.9984375 4.396984924623116 4.074910496764107E-61
0.9984375 4.407035175879397 3.561714162360205E-61
0.9984375 4.417085427135678 3.114447312987948E-61
0.9984375 4.42713567839196 2.724474585091111E-61
0.9984375 4.437185929648241 2.384313185126081E-61
0.9984375 4.447236180904523 2.0874762019985715E-61
0.9984375 4.457286432160804 1.828337605671081E-61
0.9984375 4.467336683417085 1.6020158775490347E-61
0.9984375 4.477386934673367 1.4042736558545541E-61
0.9984375 4.4874371859296485 1.2314311530490889E-61
0.9984375 4.49748743718593 1.0802914219089695E-61
0.9984375 4.507537688442211 9.480758201105569E-62
0.9984375 4.517587939698492 8.323682569599714E-62
0.9984375 4.527638190954774 7.310670060027472E-62
0.9984375 4.5376884422110555 6.423430386026738E-62
0.9984375 4.547738693467337 5.646039803842568E-62
0.9984375 4.557788944723618 4.964629182645829E-62
0.9984375 4.567839195979899 4.367113937038165E-62
0.9984375 4.577889447236181 3.8429601037552128E-62
0.9984375 4.5879396984924625 3.382981639128381E-62
0.9984375 4.597989949748744 2.9791646961360397E-62
0.9984375 4.608040201005025 2.6245152259960988E-62
0.9984375 4.618090452261306 2.312926752997306E-62
0.9984375 4.628140703517588 2.03906560440544E-62
0.9984375 4.63819095477387 1.7982712498728636E-62
0.9984375 4.648241206030151 1.5864697254293015E-62
0.9984375 4.658291457286432 1.4000983931994983E-62
0.9984375 4.668341708542713 1.2360405257804703E-62
0.9984375 4.678391959798995 1.0915684091135795E-62
0.9984375 4.688442211055277 9.642938343274652E-63
0.9984375 4.698492462311558 8.521250013696149E-63
0.9984375 4.708542713567839 7.532289886847803E-63
0.9984375 4.71859296482412 6.659990566526017E-63
0.9984375 4.728643216080402 5.890261504664121E-63
0.9984375 4.738693467336684 5.210740527683207E-63
0.9984375 4.748743718592965 4.61057709497564E-63
0.9984375 4.758793969849246 4.0802431564538335E-63
0.9984375 4.768844221105527 3.6113680230359013E-63
0.9984375 4.778894472361809 3.196594137180441E-63
0.9984375 4.788944723618091 2.8294510402132676E-63
0.9984375 4.798994974874372 2.504245187894005E-63
0.9984375 4.809045226130653 2.215963572928373E-63
0.9984375 4.819095477386934 1.960189379385585E-63
0.9984375 4.8291457286432165 1.733028124781966E-63
0.9984375 4.839195979899498 1.531042945729133E-63
0.9984375 4.849246231155779 1.3511978566469818E-63
0.9984375 4.85929648241206 1.1908079616708822E-63
0.9984375 4.869346733668341 1.047495730614473E-63
0.9984375 4.8793969849246235 9.191525633392621E-64
0.9984375 4.889447236180905 8.039049654238118E-64
0.9984375 4.899497487437186 7.000847436002222E-64
0.9984375 4.909547738693467 6.062027037469235E-64
0.9984375 4.919597989949748 5.209253987753572E-64
0.9984375 4.9296482412060305 4.4305452980464995E-64
0.9984375 4.939698492462312 3.715086526906487E-64
0.9984375 4.949748743718593 3.053068842220696E-64
0.9984375 4.959798994974874 2.4355433894626564E-64
0.9984375 4.969849246231155 1.8542905935776078E-64
0.9984375 4.9798994974874375 1.301702296951198E-64
0.9984375 4.989949748743719 7.706748738309667E-65
0.9984375 5.0 2.545116669192128E-65
0.9984375 5.010050251256281 -2.53166731341971E-65

0.996875 -0.005025125628140704 -2.464927736621269E-38
0.996875 0.005025125628140704 2.464927736621269E-38
0.996875 0.01507537688442211 7.276103009671229E-38
0.996875 0.02512562814070352 1.7194587641455907E-37
0.996875 0.035175879396984924 3.878901419869182E-37
0.996875 0.04522613065326633 8.539193764927585E-37
0.996875 0.05527638190954774 1.847820797982083E-36
0.996875 0.06532663316582915 3.946343173607143E-36
0.996875 0.07537688442211056 8.341514531618067E-36
0.996875 0.08542713567839195 1.7487844236244694E-35
0.996875 0.09547738693467336 3.642505202914184E-35
0.996875 0.10552763819095477 7.547964524249963E-35
0.996875 0.11557788944723618 1.5578183860282311E-34
0.996875 0.12562814070351758 3.205351486106941E-34
0.996875 0.135678391959799 6.580537735804375E-34
0.996875 0.1457286432160804 1.3489076131285155E-33
0.996875 0.15577889447236182 2.7625424068314456E-33
0.996875 0.1658291457286432 5.655646238562604E-33
0.996875 0.17587939698492464 1.158025080480767E-32
0.996875 0.18592964824120603 2.3725297693698272E-32
0.996875 0.19597989949748745 4.8656618661838556E-32
0.996875 0.20603015075376885 9.99247549775222E-32
0.996875 0.21608040201005024 2.055689669700746E-31
0.996875 0.22613065326633167 4.2377714740400064E-31
0.996875 0.23618090452261306 8.756823695026258E-31
0.996875 0.24623115577889448 1.8143077381901743E-30
0.996875 0.2562814070351759 3.770078703689916E-30
0.996875 0.2663316582914573 7.859219022824437E-30
0.996875 0.2763819095477387 1.6440218457900762E-29
0.996875 0.2864321608040201 3.4517605130800965E-29
0.996875 0.2964824120603015 7.27580056588234E-29
0.996875 0.3065326633165829 1.5400227888922406E-28
0.996875 0.3165829145728643 3.2739822799167646E-28
0.996875 0.32663316582914576 6.992342211162423E-28
0.996875 0.33668341708542715 1.5005782366418453E-27
0.996875 0.34673366834170855 3.236495715221607E-27
0.996875 0.35678391959798994 7.017158073913112E-27
0.996875 0.36683417085427134 1.529697396603217E-26
0.996875 0.3768844221105528 3.3534747463534075E-26
0.996875 0.3869346733668342 7.394624757833809E-26
0.996875 0.3969849246231156 1.6404176941152014E-25
0.996875 0.40703517587939697 3.661802824978018E-25
0.996875 0.4170854271356784 8.226633484174533E-25
0.996875 0.4271356783919598 1.8604587776706943E-24
0.996875 0.4371859296482412 4.236159397326835E-24
0.996875 0.4472361809045226 9.713195786952148E-24
0.996875 0.457286432160804 2.2432234134087718E-23
0.996875 0.46733668341708545 5.218984929335697E-23
0.996875 0.47738693467336685 1.22344632053125E-22
0.996875 0.48743718592964824 2.890353789808559E-22
0.996875 0.49748743718592964 6.882808802233896E-22
0.996875 0.507537688442211 1.6523799190606746E-21
0.996875 0.5175879396984925 4.000035932148458E-21
0.996875 0.5276381909547738 9.765786119690101E-21
0.996875 0.5376884422110553 2.4050191485096715E-20
0.996875 0.5477386934673367 5.975517587584347E-20
0.996875 0.5577889447236181 1.4981475767860997E-19
0.996875 0.5678391959798995 3.7907985100510857E-19
0.996875 0.577889447236181 9.6822678608917E-19
0.996875 0.5879396984924623 2.496692269813295E-18
0.996875 0.5979899497487438 6.500748741455243E-18
0.996875 0.6080402010050251 1.7093790903990944E-17
0.996875 0.6180904522613065 4.53997137326802E-17
0.996875 0.628140703517588 1.2180554223648855E-16
0.996875 0.6381909547738693 3.301684489977588E-16
0.996875 0.6482412060301508 9.042934067961376E-16
0.996875 0.6582914572864321 2.502844076881075E-15
0.996875 0.6683417085427136 7.000808235228106E-15
0.996875 0.678391959798995 1.979178761760386E-14
0.996875 0.6884422110552764 5.655475395628083E-14
0.996875 0.6984924623115578 1.633490506388598E-13
0.996875 0.7085427135678392 4.769072721448192E-13
0.996875 0.7185929648241206 1.4073970859842192E-12
0.996875 0.7286432160804021 4.198054493781698E-12
0.996875 0.7386934673366834 1.2656042735667296E-11
0.996875 0.7487437185929648 3.85585509202236E-11
0.996875 0.7587939698492463 1.187008480800644E-10
0.996875 0.7688442211055276 3.6916086905712943E-10
0.996875 0.7788944723618091 1.1595867283291763E-9
0.996875 0.7889447236180904 3.677812512211341E-9
0.996875 0.7989949748743719 1.177391004567597E-8
0.996875 0.8090452261306533 3.8028746181764814E-8
0.996875 0.8190954773869347 1.2386367085058765E-7
0.996875 0.8291457286432161 4.06590160240174E-7
0.996875 0.8391959798994975 1.3441396604905179E-6
0.996875 0.8492462311557789 4.471416289293346E-6
0.996875 0.8592964824120604 1.4953107926919008E-5
0.996875 0.8693467336683417 5.0210549784617783E-5
0.996875 0.8793969849246231 1.6905396211437117E-4
0.996875 0.8894472361809045 5.697450897065853E-4
0.996875 0.8994974874371859 0.001917971552816007
0.996875 0.9095477386934674 0.006431989043171603
0.996875 0.9195979899497487 0.021412393520765145
0.996875 0.9296482412060302 0.07042401149508466
0.996875 0.9396984924623115 0.2272536271747379
0.996875 0.949748743718593 0.7118316383517233
0.996875 0.9597989949748744 2.124773792350699
0.996875 0.9698492462311558 5.824940673041749
0.996875 0.9798994974874372 13.326864295163329
0.996875 0.9899497487437187 15.935074259256815
0.996875 1.0 22.971573211544865
0.996875 1.0100502512562815 15.955845610371494
0.996875 1.020100502512563 13.340079809347085
0.996875 1.0301507537688441 5.825224210484125
0.996875 1.0402010050251256 2.121262803838502
0.996875 1.050251256281407 0.7089302937675346
0.996875 1.0603015075376885 0.2256277437989779
0.996875 1.07035175879397 0.06966340198182452
0.996875 1.0804020100502514 0.021093143219572678
0.996875 1.0904522613065326 0.0063074350740053055
0.996875 1.100502512562814 0.001871866438198926
0.996875 1.1105527638190955 5.533387723423914E-4
0.996875 1.120603015075377 1.63391101358725E-4
0.996875 1.1306532663316584 4.8302512880080534E-5
0.996875 1.1407035175879396 1.4322635867781212E-5
0.996875 1.150753768844221 4.2664314704181035E-6
0.996875 1.1608040201005025 1.2784091712577356E-6
0.996875 1.170854271356784 3.857722562482779E-7
0.996875 1.1809045226130654 1.1734731501641254E-7
0.996875 1.1909547738693467 3.601340625925135E-8
0.996875 1.2010050251256281 1.1158932555985577E-8
0.996875 1.2110552763819096 3.4932039112845765E-9
0.996875 1.221105527638191 1.1053640467181173E-9
0.996875 1.2311557788944725 3.5372851834635486E-10
0.996875 1.2412060301507537 1.14522496668723E-10
0.996875 1.2512562814070352 3.7524299026273664E-11
0.996875 1.2613065326633166 1.2446736993952982E-11
0.996875 1.271356783919598 4.180392532126966E-12
0.996875 1.2814070351758795 1.4219169332331396E-12
0.996875 1.2914572864321607 4.898751621229185E-13
0.996875 1.3015075376884422 1.7095911493709666E-13
0.996875 1.3115577889447236 6.043954437090008E-14
0.996875 1.321608040201005 2.1646362624520106E-14
0.996875 1.3316582914572865 7.853874231732076E-15
0.996875 1.3417085427135678 2.8867396796755164E-15
0.996875 1.3517587939698492 1.074819424836001E-15
0.996875 1.3618090452261307 4.05357632068558E-16
0.996875 1.3718592964824121 1.5483856447533066E-16
0.996875 1.3819095477386936 5.989822500603213E-17
0.996875 1.3919597989949748 2.346350417168505E-17
0.996875 1.4020100502512562 9.305949683333979E-18
0.996875 1.4120603015075377 3.736437120999353E-18
0.996875 1.4221105527638191 1.5185186434178578E-18
0.996875 1.4321608040201006 6.245698748616831E-19
0.996875 1.4422110552763818 2.5993847331345013E-19
0.996875 1.4522613065326633 1.0945020059642377E-19
0.996875 1.4623115577889447 4.661706950946583E-20
0.996875 1.4723618090452262 2.00807634017161E-20
0.996875 1.4824120603015076 8.7467273545204E-21
0.996875 1.4924623115577889 3.851798093682434E-21
0.996875 1.5025125628140703 1.7145725525839958E-21
0.996875 1.5125628140703518 7.713370881965363E-22
0.996875 1.5226130653266332 3.506307771236067E-22
0.996875 1.5326633165829147 1.6102559782580505E-22
0.996875 1.542713567839196 7.469658590075042E-23
0.996875 1.5527638190954773 3.499369910529398E-23
0.996875 1.5628140703517588 1.6553320462174806E-23
0.996875 1.5728643216080402 7.905150748134242E-24
0.996875 1.5829145728643217 3.8105647499969455E-24
0.996875 1.5929648241206031 1.8537363623513935E-24
0.996875 1.6030150753768844 9.099389693945401E-25
0.996875 1.6130653266331658 4.506189961031136E-25
0.996875 1.6231155778894473 2.2509611693174797E-25
0.996875 1.6331658291457287 1.134010956463267E-25
0.996875 1.6432160804020102 5.760867145708794E-26
0.996875 1.6532663316582914 2.950608844091412E-26
0.996875 1.6633165829145728 1.5234268594190534E-26
0.996875 1.6733668341708543 7.927787640253928E-27
0.996875 1.6834170854271358 4.1575580188100145E-27
0.996875 1.6934673366834172 2.1969352643845024E-27
0.996875 1.7035175879396984 1.1695715573669123E-27
0.996875 1.7135678391959799 6.27200132178466E-28
0.996875 1.7236180904522613 3.387628169224756E-28
0.996875 1.7336683417085428 1.8426262696222628E-28
0.996875 1.7437185929648242 1.0091915566844581E-28
0.996875 1.7537688442211055 5.564791447111323E-29
0.996875 1.763819095477387 3.08893247638219E-29
0.996875 1.7738693467336684 1.725832556881226E-29
0.996875 1.7839195979899498 9.70436823678859E-30
0.996875 1.7939698492462313 5.491146598138355E-30
0.996875 1.8040201005025125 3.126337713392205E-30
0.996875 1.814070351758794 1.7907577934647197E-30
0.996875 1.8241206030150754 1.0318534860255837E-30
0.996875 1.8341708542713568 5.9804330283848126E-31
0.996875 1.8442211055276383 3.4860600819907484E-31
0.996875 1.8542713567839195 2.0435252231714824E-31
0.996875 1.864321608040201 1.2045485171905973E-31
0.996875 1.8743718592964824 7.138796427764345E-32
0.996875 1.8844221105527639 4.253440002779127E-32
0.996875 1.8944723618090453 2.547589127447357E-32
0.996875 1.9045226130653266 1.5337419380033063E-32
0.996875 1.914572864321608 9.280470558456991E-33
0.996875 1.9246231155778895 5.6434456360830565E-33
0.996875 1.934673366834171 3.448562027781198E-33
0.996875 1.9447236180904524 2.117457130315653E-33
0.996875 1.9547738693467338 1.3062865580643253E-33
0.996875 1.964824120603015 8.096078163285216E-34
0.996875 1.9748743718592965 5.0406815870246636E-34
0.996875 1.984924623115578 3.1524547994834664E-34
0.996875 1.9949748743718594 1.980254179401093E-34
0.996875 2.0050251256281406 1.2493198278505227E-34
0.996875 2.0150753768844223 7.915453695148825E-35
0.996875 2.0251256281407035 5.036131105214173E-35
0.996875 2.0351758793969847 3.2174180682351713E-35
0.996875 2.0452261306532664 2.0638498178575935E-35
0.996875 2.0552763819095476 1.329169360549672E-35
0.996875 2.0653266331658293 8.59382125976707E-36
0.996875 2.0753768844221105 5.5778754398923915E-36
0.996875 2.0854271356783918 3.634135630496586E-36
0.996875 2.0954773869346734 2.3766059300001368E-36
0.996875 2.1055276381909547 1.5599526150660162E-36
0.996875 2.1155778894472363 1.0276348613482663E-36
0.996875 2.1256281407035176 6.793834810235083E-37
0.996875 2.135678391959799 4.507294422710988E-37
0.996875 2.1457286432160805 3.0006699427801555E-37
0.996875 2.1557788944723617 2.004467145415469E-37
0.996875 2.1658291457286434 1.3434936240740584E-37
0.996875 2.1758793969849246 9.034544027396954E-38
0.996875 2.1859296482412063 6.095218721794008E-38
0.996875 2.1959798994974875 4.125377432877027E-38
0.996875 2.2060301507537687 2.8009719937622427E-38
0.996875 2.2160804020100504 1.907674602494185E-38
0.996875 2.2261306532663316 1.3032581980778427E-38
0.996875 2.2361809045226133 8.930337150065708E-39
0.996875 2.2462311557788945 6.137583955983793E-39
0.996875 2.2562814070351758 4.230586697346233E-39
0.996875 2.2663316582914574 2.924550008332268E-39
0.996875 2.2763819095477387 2.027472181504452E-39
0.996875 2.2864321608040203 1.40951795391003E-39
0.996875 2.2964824120603016 9.826276479597824E-40
0.996875 2.306532663316583 6.868994183173769E-40
0.996875 2.3165829145728645 4.814670730231848E-40
0.996875 2.3266331658291457 3.3837097548652044E-40
0.996875 2.3366834170854274 2.38427746230995E-40
0.996875 2.3467336683417086 1.6843877670123875E-40
0.996875 2.35678391959799 1.1929814065481473E-40
0.996875 2.3668341708542715 8.470647148176311E-41
0.996875 2.3768844221105527 6.029428117959103E-41
0.996875 2.3869346733668344 4.302271764443163E-41
0.996875 2.3969849246231156 3.077284092016716E-41
0.996875 2.407035175879397 2.2063351687347424E-41
0.996875 2.4170854271356785 1.5856082573632933E-41
0.996875 2.4271356783919598 1.142161323287396E-41
0.996875 2.4371859296482414 8.246183830982054E-42
0.996875 2.4472361809045227 5.967050321975546E-42
0.996875 2.457286432160804 4.327477956701779E-42
0.996875 2.4673366834170856 3.1453290430346593E-42
0.996875 2.477386934673367 2.2910848275861085E-42
0.996875 2.4874371859296485 1.67243074908549E-42
0.996875 2.4974874371859297 1.2234190852046143E-42
0.996875 2.507537688442211 8.9683168643607E-43
0.996875 2.5175879396984926 6.587852720562074E-43
0.996875 2.527638190954774 4.8491199010471556E-43
0.996875 2.5376884422110555 3.576490901577305E-43
0.996875 2.5477386934673367 2.643113028425189E-43
0.996875 2.557788944723618 1.957168385756592E-43
0.996875 2.5678391959798996 1.4520585038679363E-43
0.996875 2.577889447236181 1.0793773573338266E-43
0.996875 2.5879396984924625 8.038698391395765E-44
0.996875 2.5979899497487438 5.998070355034167E-44
0.996875 2.608040201005025 4.4837468334051587E-44
0.996875 2.6180904522613067 3.357877105265838E-44
0.996875 2.628140703517588 2.5192620267718864E-44
0.996875 2.6381909547738696 1.8934660026350332E-44
0.996875 2.648241206030151 1.4256347226297118E-44
0.996875 2.658291457286432 1.0752679547318787E-44
0.996875 2.6683417085427137 8.124077911305414E-45
0.996875 2.678391959798995 6.148537001315706E-45
0.996875 2.6884422110552766 4.661239036394228E-45
0.996875 2.698492462311558 3.539602622949429E-45
0.996875 2.708542713567839 2.6922972239854023E-45
0.996875 2.7185929648241207 2.0511565371418255E-45
0.996875 2.728643216080402 1.5652149584974756E-45
0.996875 2.7386934673366836 1.196301807121056E-45
0.996875 2.748743718592965 9.157806018476253E-46
0.996875 2.758793969849246 7.021315415236645E-46
0.996875 2.7688442211055277 5.391560182047747E-46
0.996875 2.778894472361809 4.146408148151118E-46
0.996875 2.7889447236180906 3.1936260387935377E-46
0.996875 2.798994974874372 2.463448034218745E-46
0.996875 2.809045226130653 1.9030189290328625E-46
0.996875 2.819095477386935 1.4722321640578036E-46
0.996875 2.829145728643216 1.1406075035416409E-46
0.996875 2.8391959798994977 8.849448756565928E-47
0.996875 2.849246231155779 6.87558617175565E-47
0.996875 2.85929648241206 5.349464385497208E-47
0.996875 2.869346733668342 4.1678451405745277E-47
0.996875 2.879396984924623 3.251676169024435E-47
0.996875 2.8894472361809047 2.540336656261267E-47
0.996875 2.899497487437186 1.9872726660158105E-47
0.996875 2.909547738693467 1.5566818268910357E-47
0.996875 2.919597989949749 1.2209912950822272E-47
0.996875 2.92964824120603 9.589363618244958E-48
0.996875 2.9396984924623117 7.540945278571187E-48
0.996875 2.949748743718593 5.937654660091678E-48
0.996875 2.959798994974874 4.681140392703282E-48
0.996875 2.969849246231156 3.695136671876145E-48
0.996875 2.979899497487437 2.920424996841246E-48
0.996875 2.9899497487437188 2.310963033798798E-48
0.996875 3.0 1.8309061645084717E-48
0.996875 3.0100502512562817 1.4523127600676492E-48
0.996875 3.020100502512563 1.153373852578432E-48
0.996875 3.030150753768844 9.170455522788362E-49
0.996875 3.040201005025126 7.299911959074726E-49
0.996875 3.050251256281407 5.817620114977961E-49
0.996875 3.0603015075376887 4.641617014804669E-49
0.996875 3.07035175879397 3.707530294277501E-49
0.996875 3.080402010050251 2.9647419013462873E-49
0.996875 3.090452261306533 2.3734016238239573E-49
0.996875 3.100502512562814 1.902099299675952E-49
0.996875 3.1105527638190957 1.526048201111568E-49
0.996875 3.120603015075377 1.2256656124011761E-49
0.996875 3.130653266331658 9.854624176920745E-50
0.996875 3.14070351758794 7.931733876901541E-50
0.996875 3.150753768844221 6.390751826397165E-50
0.996875 3.1608040201005028 5.154509274595563E-50
0.996875 3.170854271356784 4.1616936923009905E-50
0.996875 3.180904522613065 3.363537147631536E-50
0.996875 3.190954773869347 2.7212074005838087E-50
0.996875 3.201005025125628 2.2037502747060195E-50
0.996875 3.21105527638191 1.7864649974517797E-50
0.996875 3.221105527638191 1.449619977484871E-50
0.996875 3.2311557788944723 1.1774365643114295E-50
0.996875 3.241206030150754 9.572839916606511E-51
0.996875 3.251256281407035 7.790409286894987E-51
0.996875 3.261306532663317 6.345886162482083E-51
0.996875 3.271356783919598 5.174080406358022E-51
0.996875 3.2814070351758793 4.222594530847783E-51
0.996875 3.291457286432161 3.449271355814004E-51
0.996875 3.301507537688442 2.8201591914084374E-51
0.996875 3.311557788944724 2.3078879448842573E-51
0.996875 3.321608040201005 1.8903718483501833E-51
0.996875 3.3316582914572863 1.5497720674621843E-51
0.996875 3.341708542713568 1.2716662999020696E-51
0.996875 3.351758793969849 1.0443834041617514E-51
0.996875 3.361809045226131 8.584697372000989E-52
0.996875 3.371859296482412 7.062607123174648E-52
0.996875 3.3819095477386933 5.815364989727294E-52
0.996875 3.391959798994975 4.792450747454241E-52
0.996875 3.4020100502512562 3.9527924231484724E-52
0.996875 3.412060301507538 3.262969268789913E-52
0.996875 3.422110552763819 2.6957621806732275E-52
0.996875 3.4321608040201004 2.228983303385628E-52
0.996875 3.442211055276382 1.84453018005182E-52
0.996875 3.4522613065326633 1.5276206718496658E-52
0.996875 3.462311557788945 1.2661735390423007E-52
0.996875 3.472361809045226 1.0503065018169491E-52
0.996875 3.4824120603015074 8.71929137849992E-53
0.996875 3.492462311557789 7.244124068356822E-53
0.996875 3.5025125628140703 6.02320144123286E-53
0.996875 3.512562814070352 5.011907139836997E-53
0.996875 3.522613065326633 4.1735929932432808E-53
0.996875 3.5326633165829144 3.4781314148303687E-53
0.996875 3.542713567839196 2.900735207643625E-53
0.996875 3.5527638190954773 2.420994571721652E-53
0.996875 3.562814070351759 2.0220906844590724E-53
0.996875 3.5728643216080402 1.6901529464569437E-53
0.996875 3.5829145728643215 1.4137332163831949E-53
0.996875 3.592964824120603 1.1833753911530897E-53
0.996875 3.6030150753768844 9.912627561957663E-54
0.996875 3.613065326633166 8.309288222928348E-54
0.996875 3.6231155778894473 6.970200310167671E-54
0.996875 3.6331658291457285 5.851008710992885E-54
0.996875 3.64321608040201 4.9149370035551395E-54
0.996875 3.6532663316582914 4.1314699031810384E-54
0.996875 3.663316582914573 3.4752686650943956E-54
0.996875 3.6733668341708543 2.9252775708968974E-54
0.996875 3.6834170854271355 2.4639872743989883E-54
0.996875 3.693467336683417 2.076827011558822E-54
0.996875 3.7035175879396984 1.751662756756986E-54
0.996875 3.71356783919598 1.4783825496299148E-54
0.996875 3.7236180904522613 1.2485535982213779E-54
0.996875 3.7336683417085426 1.0551385270673556E-54
0.996875 3.7437185929648242 8.922603979511519E-55
0.996875 3.7537688442211055 7.550079797195549E-55
0.996875 3.763819095477387 6.392742574740867E-55
0.996875 3.7738693467336684 5.416224121945696E-55
0.996875 3.7839195979899496 4.5917451947603295E-55
0.996875 3.7939698492462313 3.8951905131218116E-55
0.996875 3.8040201005025125 3.306339509320545E-55
0.996875 3.814070351758794 2.808226146507066E-55
0.996875 3.8241206030150754 2.386605786061179E-55
0.996875 3.8341708542713566 2.0295109014775917E-55
0.996875 3.8442211055276383 1.7268805824475555E-55
0.996875 3.8542713567839195 1.4702513663603086E-55
0.996875 3.864321608040201 1.2524990740556065E-55
0.996875 3.8743718592964824 1.0676230930270406E-55
0.996875 3.884422110552764 9.105660105370715E-56
0.996875 3.8944723618090453 7.770627054934981E-56
0.996875 3.9045226130653266 6.635140059629808E-56
0.996875 3.9145728643216082 5.6688084541504925E-56
0.996875 3.9246231155778895 4.845955352427703E-56
0.996875 3.934673366834171 4.144873385023771E-56
0.996875 3.9447236180904524 3.5472000048946878E-56
0.996875 3.9547738693467336 3.03739282472022E-56
0.996875 3.9648241206030153 2.6022886943385774E-56
0.996875 3.9748743718592965 2.2307329243030943E-56
0.996875 3.984924623115578 1.9132673051582381E-56
0.996875 3.9949748743718594 1.641867439300797E-56
0.996875 4.005025125628141 1.4097214573702362E-56
0.996875 4.015075376884422 1.2110434870258174E-56
0.996875 4.025125628140704 1.0409163225960068E-56
0.996875 4.035175879396985 8.951586457628064E-57
0.996875 4.045226130653266 7.702129002763564E-57
0.996875 4.055276381909548 6.630505526463829E-57
0.996875 4.065326633165829 5.710919965374393E-57
0.996875 4.075376884422111 4.921387983989827E-57
0.996875 4.085427135678392 4.243163499729474E-57
0.996875 4.0954773869346734 3.6602530161445345E-57
0.996875 4.105527638190955 3.1590040871208736E-57
0.996875 4.115577889447236 2.727756401229802E-57
0.996875 4.125628140703518 2.3565457929077285E-57
0.996875 4.135678391959799 2.0368530129653095E-57
0.996875 4.1457286432160805 1.761390372608965E-57
0.996875 4.155778894472362 1.5239204523945487E-57
0.996875 4.165829145728643 1.3191019734613596E-57
0.996875 4.175879396984925 1.142358690696589E-57
0.996875 4.185929648241206 9.897678092935121E-58
0.996875 4.1959798994974875 8.579649668434127E-58
0.996875 4.206030150753769 7.440632788357472E-58
0.996875 4.21608040201005 6.455843297941392E-58
0.996875 4.226130653266332 5.603993166087692E-58
0.996875 4.236180904522613 4.866788244631496E-58
0.996875 4.2462311557788945 4.22849947084245E-58
0.996875 4.256281407035176 3.675596585745914E-58
0.996875 4.266331658291457 3.196435094440806E-58
0.996875 4.276381909547739 2.7809885937851167E-58
0.996875 4.28643216080402 2.420619777392333E-58
0.996875 4.296482412060302 2.1078844312887125E-58
0.996875 4.306532663316583 1.8363635839809575E-58
0.996875 4.316582914572864 1.600519695788123E-58
0.996875 4.326633165829146 1.3955733840794879E-58
0.996875 4.336683417085427 1.217397700374057E-58
0.996875 4.346733668341709 1.0624274163032366E-58
0.996875 4.35678391959799 9.275811502052904E-59
0.996875 4.366834170854271 8.101944847312488E-59
0.996875 4.376884422110553 7.079624968494611E-59
0.996875 4.386934673366834 6.188903522688551E-59
0.996875 4.396984924623116 5.41250812672775E-59
0.996875 4.407035175879397 4.735476714391482E-59
0.996875 4.417085427135678 4.14484276098014E-59
0.996875 4.42713567839196 3.6293641735375796E-59
0.996875 4.437185929648241 3.1792896822032913E-59
0.996875 4.447236180904523 2.7861574534873575E-59
0.996875 4.457286432160804 2.442621402284653E-59
0.996875 4.467336683417085 2.1423013253722495E-59
0.996875 4.477386934673367 1.8796535312630842E-59
0.996875 4.4874371859296485 1.6498591134649963E-59
0.996875 4.49748743718593 1.4487274181862437E-59
0.996875 4.507537688442211 1.2726126033453488E-59
0.996875 4.517587939698492 1.1183414819002108E-59
0.996875 4.527638190954774 9.831510962580299E-60
0.996875 4.5376884422110555 8.646346880375618E-60
0.996875 4.547738693467337 7.606949139889522E-60
0.996875 4.557788944723618 6.695033189185185E-60
0.996875 4.567839195979899 5.894652138409632E-60
0.996875 4.577889447236181 5.191892255533472E-60
0.996875 4.5879396984924625 4.5746088517966456E-60
0.996875 4.597989949748744 4.0321971035169677E-60
0.996875 4.608040201005025 3.5553931060418335E-60
0.996875 4.618090452261306 3.1361011000841737E-60
0.996875 4.628140703517588 2.7672433653476475E-60
0.996875 4.63819095477387 2.4426297539331978E-60
0.996875 4.648241206030151 2.156844247418147E-60
0.996875 4.658291457286432 1.9051462760358594E-60
0.996875 4.668341708542713 1.6833848440482498E-60
0.996875 4.678391959798995 1.4879237690446643E-60
0.996875 4.688442211055277 1.3155765703918854E-60
0.996875 4.698492462311558 1.1635497384407795E-60
0.996875 4.708542713567839 1.0293932856902774E-60
0.996875 4.71859296482412 9.109576276331007E-61
0.996875 4.728643216080402 8.063559676504301E-61
0.996875 4.738693467336684 7.139314698265135E-61
0.996875 4.748743718592965 6.322285982767476E-61
0.996875 4.758793969849246 5.599680835518619E-61
0.996875 4.768844221105527 4.960250476414967E-61
0.996875 4.778894472361809 4.3940988055510154E-61
0.996875 4.788944723618091 3.8925151470034516E-61
0.996875 4.798994974874372 3.4478278942396056E-61
0.996875 4.809045226130653 3.0532763808790715E-61
0.996875 4.819095477386934 2.702898647534469E-61
0.996875 4.8291457286432165 2.39143307651855E-61
0.996875 4.839195979899498 2.114232127497906E-61
0.996875 4.849246231155779 1.8671866340223244E-61
0.996875 4.85929648241206 1.646659317861571E-61
0.996875 4.869346733668341 1.4494263492105706E-61
0.996875 4.8793969849246235 1.2726259295124614E-61
0.996875 4.889447236180905 1.1137130028651234E-61
0.996875 4.899497487437186 9.704193142871325E-62
0.996875 4.909547738693467 8.4071813074421E-62
0.996875 4.919597989949748 7.227930256986521E-62
0.996875 4.9296482412060305 6.150102017049412E-62
0.996875 4.939698492462312 5.158938896746719E-62
0.996875 4.949748743718593 4.241044191197961E-62
0.996875 4.959798994974874 3.3841860203473456E-62
0.996875 4.969849246231155 2.5771211503016446E-62
0.996875 4.9798994974874375 1.8094360069418083E-62
0.996875 4.989949748743719 1.0714024063129836E-62
0.996875 5.0 3.538457982355074E-63
0.996875 5.010050251256281 -3.519759460378299E-63

0.9953124999999999 -0.005025125628140704 -1.059893012905212E-36
0.9953124999999999 0.005025125628140704 1.059893012905212E-36
0.9953124999999999 0.01507537688442211 3.1001481558421455E-36
0.9953124999999999 0.02512562814070352 7.253851960999906E-36
0.9953124999999999 0.035175879396984924 1.6202627934516545E-35
0.9953124999999999 0.04522613065326633 3.53251452120203E-35
0.9953124999999999 0.05527638190954774 7.571835357667018E-35
0.9953124999999999 0.06532663316582915 1.6020390263626221E-34
0.9953124999999999 0.07537688442211056 3.355084656931227E-34
0.9953124999999999 0.08542713567839195 6.969524394570638E-34
0.9953124999999999 0.09547738693467336 1.4384379031298315E-33
0.9953124999999999 0.10552763819095477 2.9535943197613018E-33
0.9953124999999999 0.11557788944723618 6.040401403224683E-33
0.9953124999999999 0.12562814070351758 1.2315264425049354E-32
0.9953124999999999 0.135678391959799 2.5051505806806805E-32
0.9953124999999999 0.1457286432160804 5.087906584083734E-32
0.9953124999999999 0.15577889447236182 1.0323472851943725E-31
0.9953124999999999 0.1658291457286432 2.0937763898640393E-31
0.9953124999999999 0.17587939698492464 4.2468269803409E-31
0.9953124999999999 0.18592964824120603 8.61827790091127E-31
0.9953124999999999 0.19597989949748745 1.7505445597369236E-30
0.9953124999999999 0.20603015075376885 3.560275603232859E-30
0.9953124999999999 0.21608040201005024 7.25272115654917E-30
0.9953124999999999 0.22613065326633167 1.4803496746942E-29
0.9953124999999999 0.23618090452261306 3.028336042146995E-29
0.9953124999999999 0.24623115577889448 6.210739580345339E-29
0.9953124999999999 0.2562814070351759 1.277317373995526E-28
0.9953124999999999 0.2663316582914573 2.6350074559135378E-28
0.9953124999999999 0.2763819095477387 5.45379700794833E-28
0.9953124999999999 0.2864321608040201 1.132798483228573E-27
0.9953124999999999 0.2964824120603015 2.3617931046144286E-27
0.9953124999999999 0.3065326633165829 4.9438171684272374E-27
0.9953124999999999 0.3165829145728643 1.0392200026538459E-26
0.9953124999999999 0.32663316582914576 2.1941585198447167E-26
0.9953124999999999 0.33668341708542715 4.654068299801728E-26
0.9953124999999999 0.34673366834170855 9.919478377928178E-26
0.9953124999999999 0.35678391959798994 2.124818298218917E-25
0.9953124999999999 0.36683417085427134 4.575260754854702E-25
0.9953124999999999 0.3768844221105528 9.904989779336171E-25
0.9953124999999999 0.3869346733668342 2.1563455038528385E-24
0.9953124999999999 0.3969849246231156 4.72160758861419E-24
0.9953124999999999 0.40703517587939697 1.0400373410545722E-23
0.9953124999999999 0.4170854271356784 2.3050216162868335E-23
0.9953124999999999 0.4271356783919598 5.140992137865625E-23
0.9953124999999999 0.4371859296482412 1.1540986384035214E-22
0.9953124999999999 0.4472361809045226 2.60819775374351E-22
0.9953124999999999 0.457286432160804 5.934943792592813E-22
0.9953124999999999 0.46733668341708545 1.3600267623528223E-21
0.9953124999999999 0.47738693467336685 3.1391248520209816E-21
0.9953124999999999 0.48743718592964824 7.299192003271251E-21
0.9953124999999999 0.49748743718592964 1.7100939560181235E-20
0.9953124999999999 0.507537688442211 4.0375424824865047E-20
0.9953124999999999 0.5175879396984925 9.60811204010638E-20
0.9953124999999999 0.5276381909547738 2.3049072650422565E-19
0.9953124999999999 0.5376884422110553 5.574841024206908E-19
0.9953124999999999 0.5477386934673367 1.3596987110393474E-18
0.9953124999999999 0.5577889447236181 3.3446423572707254E-18
0.9953124999999999 0.5678391959798995 8.298831172784256E-18
0.9953124999999999 0.577889447236181 2.077329296807264E-17
0.9953124999999999 0.5879396984924623 5.246539864385396E-17
0.9953124999999999 0.5979899497487438 1.337132861173746E-16
0.9953124999999999 0.6080402010050251 3.439228791354548E-16
0.9953124999999999 0.6180904522613065 8.928513520168936E-16
0.9953124999999999 0.628140703517588 2.3397562451906577E-15
0.9953124999999999 0.6381909547738693 6.189729246619029E-15
0.9953124999999999 0.6482412060301508 1.6531497622574654E-14
0.9953124999999999 0.6582914572864321 4.457743341330602E-14
0.9953124999999999 0.6683417085427136 1.21365428445513E-13
0.9953124999999999 0.678391959798995 3.33624300478095E-13
0.9953124999999999 0.6884422110552764 9.259734759619874E-13
0.9953124999999999 0.6984924623115578 2.5947857698519777E-12
0.9953124999999999 0.7085427135678392 7.340699887920233E-12
0.9953124999999999 0.7185929648241206 2.0963447707387742E-11
0.9953124999999999 0.7286432160804021 6.042505048746905E-11
0.9953124999999999 0.7386934673366834 1.7576063434108928E-10
0.9953124999999999 0.7487437185929648 5.157944847871493E-10
0.9953124999999999 0.7587939698492463 1.5267176994149856E-9
0.9953124999999999 0.7688442211055276 4.5563521325969224E-9
0.9953124999999999 0.7788944723618091 1.3704751658630626E-8
0.9953124999999999 0.7889447236180904 4.152447731167552E-8
0.9953124999999999 0.7989949748743719 1.2666589116133307E-7
0.9953124999999999 0.8090452261306533 3.8871767492553536E-7
0.9953124999999999 0.8190954773869347 1.199139926913887E-6
0.9953124999999999 0.8291457286432161 3.7148699115340352E-6
0.9953124999999999 0.8391959798994975 1.1543973385019639E-5
0.9953124999999999 0.8492462311557789 3.5934425489286354E-5
0.9953124999999999 0.8592964824120604 1.1186627320276021E-4
0.9953124999999999 0.8693467336683417 3.47586807586506E-4
0.9953124999999999 0.8793969849246231 0.001075365125397297
0.9953124999999999 0.8894472361809045 0.0033027702223651168
0.9953124999999999 0.8994974874371859 0.010031996247891207
0.9953124999999999 0.9095477386934674 0.02998830041246546
0.9953124999999999 0.9195979899497487 0.08764372819524781
0.9953124999999999 0.9296482412060302 0.24815893169278877
0.9953124999999999 0.9396984924623115 0.6717287348192631
0.9953124999999999 0.949748743718593 1.702737852336545
0.9953124999999999 0.9597989949748744 3.905202558862333
0.9953124999999999 0.9698492462311558 7.6176461647793685
0.9953124999999999 0.9798994974874372 11.38700963267069
0.9953124999999999 0.9899497487437187 15.973104867287557
0.9953124999999999 1.0 16.194428503635507
0.9953124999999999 1.0100502512562815 15.986686829276644
0.9953124999999999 1.020100502512563 11.406826003295642
0.9953124999999999 1.0301507537688441 7.6267292782946186
0.9953124999999999 1.0402010050251256 3.904133339173862
0.9953124999999999 1.050251256281407 1.6984709452359037
0.9953124999999999 1.0603015075376885 0.6680895615951332
0.9953124999999999 1.07035175879397 0.24594584438756067
0.9953124999999999 1.0804020100502514 0.0865128352966512
0.9953124999999999 1.0904522613065326 0.029470785099058296
0.9953124999999999 1.100502512562814 0.009812761766248717
0.9953124999999999 1.1105527638190955 0.003215054378299894
0.9953124999999999 1.120603015075377 0.0010417787167628426
0.9953124999999999 1.1306532663316584 3.3516585158035263E-4
0.9953124999999999 1.1407035175879396 1.0740026015250632E-4
0.9953124999999999 1.150753768844221 3.4365706285318805E-5
0.9953124999999999 1.1608040201005025 1.1003803227787447E-5
0.9953124999999999 1.170854271356784 3.532103907773132E-6
0.9953124999999999 1.1809045226130654 1.1382951541672155E-6
0.9953124999999999 1.1909547738693467 3.687810175889598E-7
0.9953124999999999 1.2010050251256281 1.2024195470039626E-7
0.9953124999999999 1.2110552763819096 3.949401251616649E-8
0.9953124999999999 1.221105527638191 1.3078270362831423E-8
0.9953124999999999 1.2311557788944725 4.369372358267717E-9
0.9953124999999999 1.2412060301507537 1.4736674193579093E-9
0.9953124999999999 1.2512562814070352 5.020129374244941E-10
0.9953124999999999 1.2613065326633166 1.7280424791543894E-10
0.9953124999999999 1.271356783919598 6.012797889508395E-11
0.9953124999999999 1.2814070351758795 2.1154994433129844E-11
0.9953124999999999 1.2914572864321607 7.527841688835085E-12
0.9953124999999999 1.3015075376884422 2.7097840671039432E-12
0.9953124999999999 1.3115577889447236 9.868961808945993E-13
0.9953124999999999 1.321608040201005 3.636883071217459E-13
0.9953124999999999 1.3316582914572865 1.3562546116231938E-13
0.9953124999999999 1.3417085427135678 5.118304936235787E-14
0.9953124999999999 1.3517587939698492 1.9547478222615685E-14
0.9953124999999999 1.3618090452261307 7.554931792060212E-15
0.9953124999999999 1.3718592964824121 2.9548222799480517E-15
0.9953124999999999 1.3819095477386936 1.1694194155046155E-15
0.9953124999999999 1.3919597989949748 4.682920858085004E-16
0.9953124999999999 1.4020100502512562 1.8972897911252575E-16
0.9953124999999999 1.4120603015075377 7.776384631035154E-17
0.9953124999999999 1.4221105527638191 3.224042653845638E-17
0.9953124999999999 1.4321608040201006 1.3519174109958235E-17
0.9953124999999999 1.4422110552763818 5.732835034414061E-18
0.9953124999999999 1.4522613065326633 2.4580967300182204E-18
0.9953124999999999 1.4623115577889447 1.0655561929269359E-18
0.9953124999999999 1.4723618090452262 4.669140871641037E-19
0.9953124999999999 1.4824120603015076 2.0678277084213043E-19
0.9953124999999999 1.4924623115577889 9.2542350439376E-20
0.9953124999999999 1.5025125628140703 4.184527325917892E-20
0.9953124999999999 1.5125628140703518 1.911446102542916E-20
0.9953124999999999 1.5226130653266332 8.81895135591006E-21
0.9953124999999999 1.5326633165829147 4.109038481502563E-21
0.9953124999999999 1.542713567839196 1.9331289773223666E-21
0.9953124999999999 1.5527638190954773 9.181377631112209E-22
0.9953124999999999 1.5628140703517588 4.401599378472261E-22
0.9953124999999999 1.5728643216080402 2.1296018333270183E-22
0.9953124999999999 1.5829145728643217 1.0396846348770786E-22
0.9953124999999999 1.5929648241206031 5.1209532894455405E-23
0.9953124999999999 1.6030150753768844 2.544352748350951E-23
0.9953124999999999 1.6130653266331658 1.2750090121953616E-23
0.9953124999999999 1.6231155778894473 6.4430507842612015E-24
0.9953124999999999 1.6331658291457287 3.2828123338327267E-24
0.9953124999999999 1.6432160804020102 1.6862095288359838E-24
0.9953124999999999 1.6532663316582914 8.7301914362216E-25
0.9953124999999999 1.6633165829145728 4.5553266451038335E-25
0.9953124999999999 1.6733668341708543 2.395171642236977E-25
0.9953124999999999 1.6834170854271358 1.2688609091999257E-25
0.9953124999999999 1.6934673366834172 6.77160532902116E-26
0.9953124999999999 1.7035175879396984 3.6400770874301257E-26
0.9953124999999999 1.7135678391959799 1.970666021350829E-26
0.9953124999999999 1.7236180904522613 1.074341292161862E-26
0.9953124999999999 1.7336683417085428 5.8971570414850335E-27
0.9953124999999999 1.7437185929648242 3.258815698699177E-27
0.9953124999999999 1.7537688442211055 1.8127594633970884E-27
0.9953124999999999 1.763819095477387 1.0149193196318951E-27
0.9953124999999999 1.7738693467336684 5.718505962804975E-28
0.9953124999999999 1.7839195979899498 3.242225282661431E-28
0.9953124999999999 1.7939698492462313 1.8495421620993284E-28
0.9953124999999999 1.8040201005025125 1.0614453790350124E-28
0.9953124999999999 1.814070351758794 6.127684382171923E-29
0.9953124999999999 1.8241206030150754 3.558069399472729E-29
0.9953124999999999 1.8341708542713568 2.07781411228153E-29
0.9953124999999999 1.8442211055276383 1.2201947646621502E-29
0.9953124999999999 1.8542713567839195 7.205078380392106E-30
0.9953124999999999 1.864321608040201 4.2775312236665404E-30
0.9953124999999999 1.8743718592964824 2.5530031839019924E-30
0.9953124999999999 1.8844221105527639 1.5316970711732504E-30
0.9953124999999999 1.8944723618090453 9.236731498022792E-31
0.9953124999999999 1.9045226130653266 5.5982087792655425E-31
0.9953124999999999 1.914572864321608 3.409788710855795E-31
0.9953124999999999 1.9246231155778895 2.086971674181296E-31
0.9953124999999999 1.934673366834171 1.283453870152022E-31
0.9953124999999999 1.9447236180904524 7.930184758447881E-32
0.9953124999999999 1.9547738693467338 4.922561664276788E-32
0.9953124999999999 1.964824120603015 3.06951730382321E-32
0.9953124999999999 1.9748743718592965 1.9225916520394726E-32
0.9953124999999999 1.984924623115578 1.2095108583416966E-32
0.9953124999999999 1.9949748743718594 7.641993389864298E-33
0.9953124999999999 2.0050251256281406 4.8489400394381984E-33
0.9953124999999999 2.0150753768844223 3.089584060988392E-33
0.9953124999999999 2.0251256281407035 1.976681496577091E-33
0.9953124999999999 2.0351758793969847 1.2697783861159689E-33
0.9953124999999999 2.0452261306532664 8.189274242898985E-34
0.9953124999999999 2.0552763819095476 5.302265372092753E-34
0.9953124999999999 2.0653266331658293 3.446267375479515E-34
0.9953124999999999 2.0753768844221105 2.2484406383658382E-34
0.9953124999999999 2.0854271356783918 1.472423983028953E-34
0.9953124999999999 2.0954773869346734 9.677828936285881E-35
0.9953124999999999 2.1055276381909547 6.383983321478134E-35
0.9953124999999999 2.1155778894472363 4.2261991363087415E-35
0.9953124999999999 2.1256281407035176 2.807558151952136E-35
0.9953124999999999 2.135678391959799 1.8715646490155935E-35
0.9953124999999999 2.1457286432160805 1.2518587888847992E-35
0.9953124999999999 2.1557788944723617 8.401521253455432E-36
0.9953124999999999 2.1658291457286434 5.657058921562946E-36
0.9953124999999999 2.1758793969849246 3.821485501745167E-36
0.9953124999999999 2.1859296482412063 2.5897716463198434E-36
0.9953124999999999 2.1959798994974875 1.7605886515108478E-36
0.9953124999999999 2.2060301507537687 1.2006083087297124E-36
0.9953124999999999 2.2160804020100504 8.212437350702975E-37
0.9953124999999999 2.2261306532663316 5.634439643290314E-37
0.9953124999999999 2.2361809045226133 3.877201540683246E-37
0.9953124999999999 2.2462311557788945 2.675817156655558E-37
0.9953124999999999 2.2562814070351758 1.8520243894659505E-37
0.9953124999999999 2.2663316582914574 1.2854978066745094E-37
0.9953124999999999 2.2763819095477387 8.947729831483241E-38
0.9953124999999999 2.2864321608040203 6.24531182348744E-38
0.9953124999999999 2.2964824120603016 4.3709750598983964E-38
0.9953124999999999 2.306532663316583 3.0673899386067337E-38
0.9953124999999999 2.3165829145728645 2.158290756133089E-38
0.9953124999999999 2.3266331658291457 1.5225984024447892E-38
0.9953124999999999 2.3366834170854274 1.0769107361621431E-38
0.9953124999999999 2.3467336683417086 7.63620747791158E-39
0.9953124999999999 2.35678391959799 5.428307715709743E-39
0.9953124999999999 2.3668341708542715 3.868345505460593E-39
0.9953124999999999 2.3768844221105527 2.7634125430819348E-39
0.9953124999999999 2.3869346733668344 1.9788448450544882E-39
0.9953124999999999 2.3969849246231156 1.4203960661035682E-39
0.9953124999999999 2.407035175879397 1.0219397209065455E-39
0.9953124999999999 2.4170854271356785 7.369632936828191E-40
0.9953124999999999 2.4271356783919598 5.326698267275541E-40
0.9953124999999999 2.4371859296482414 3.8587722090839215E-40
0.9953124999999999 2.4472361809045227 2.801601573212469E-40
0.9953124999999999 2.457286432160804 2.038531363052935E-40
0.9953124999999999 2.4673366834170856 1.4865175831139244E-40
0.9953124999999999 2.477386934673367 1.0863065174291867E-40
0.9953124999999999 2.4874371859296485 7.955228694524745E-41
0.9953124999999999 2.4974874371859297 5.837936679468392E-41
0.9953124999999999 2.507537688442211 4.2930030877758846E-41
0.9953124999999999 2.5175879396984926 3.163348313140709E-41
0.9953124999999999 2.527638190954774 2.335639973755189E-41
0.9953124999999999 2.5376884422110555 1.7279339076587238E-41
0.9953124999999999 2.5477386934673367 1.2808555511133476E-41
0.9953124999999999 2.557788944723618 9.512937077022787E-42
0.9953124999999999 2.5678391959798996 7.078811623473309E-42
0.9953124999999999 2.577889447236181 5.277489088889711E-42
0.9953124999999999 2.5879396984924625 3.9419014052941276E-42
0.9953124999999999 2.5979899497487438 2.94975489511888E-42
0.9953124999999999 2.608040201005025 2.2113544622597702E-42
0.9953124999999999 2.6180904522613067 1.660786139686749E-42
0.9953124999999999 2.628140703517588 1.249518804034091E-42
0.9953124999999999 2.6381909547738696 9.417520755797218E-43
0.9953124999999999 2.648241206030151 7.1102717941038365E-43
0.9953124999999999 2.658291457286432 5.377530880481739E-43
0.9953124999999999 2.6683417085427137 4.0739728554169185E-43
0.9953124999999999 2.678391959798995 3.0916007921633737E-43
0.9953124999999999 2.6884422110552766 2.350013957285854E-43
0.9953124999999999 2.698492462311558 1.7892501139207958E-43
0.9953124999999999 2.708542713567839 1.3645115161487043E-43
0.9953124999999999 2.7185929648241207 1.0422717980905739E-43
0.9953124999999999 2.728643216080402 7.973970311571961E-44
0.9953124999999999 2.7386934673366836 6.110129705479972E-44
0.9953124999999999 2.748743718592965 4.689223095820069E-44
0.9953124999999999 2.758793969849246 3.604280602327517E-44
0.9953124999999999 2.7688442211055277 2.7745734541807874E-44
0.9953124999999999 2.778894472361809 2.139077928787357E-44
0.9953124999999999 2.7889447236180906 1.651591582601628E-44
0.9953124999999999 2.798994974874372 1.277078008309462E-44
0.9953124999999999 2.809045226130653 9.889265756285666E-45
0.9953124999999999 2.819095477386935 7.668947708403489E-45
0.9953124999999999 2.829145728643216 5.955606103863346E-45
0.9953124999999999 2.8391959798994977 4.6315683080627587E-45
0.9953124999999999 2.849246231155779 3.606912890058064E-45
0.9953124999999999 2.85929648241206 2.812822715947068E-45
0.9953124999999999 2.869346733668342 2.1965542979906447E-45
0.9953124999999999 2.879396984924623 1.7176245741722196E-45
0.9953124999999999 2.8894472361809047 1.3449161259395854E-45
0.9953124999999999 2.899497487437186 1.0544763336216237E-45
0.9953124999999999 2.909547738693467 8.278416402017145E-46
0.9953124999999999 2.919597989949749 6.507597651622305E-46
0.9953124999999999 2.92964824120603 5.1221395022081E-46
0.9953124999999999 2.9396984924623117 4.036767750178058E-46
0.9953124999999999 2.949748743718593 3.185387194550742E-46
0.9953124999999999 2.959798994974874 2.5166993330124567E-46
0.9953124999999999 2.969849246231156 1.990836929173001E-46
0.9953124999999999 2.979899497487437 1.5767759301632605E-46
0.9953124999999999 2.9899497487437188 1.2503424628910777E-46
0.9953124999999999 3.0 9.926760065807632E-47
0.9953124999999999 3.0100502512562817 7.890427409050532E-47
0.9953124999999999 3.020100502512563 6.279180649898572E-47
0.9953124999999999 3.030150753768844 5.002762991415995E-47
0.9953124999999999 3.040201005025126 3.9904006882116754E-47
0.9953124999999999 3.050251256281407 3.1865292296794817E-47
0.9953124999999999 3.0603015075376887 2.547471822549702E-47
0.9953124999999999 3.07035175879397 2.0388547186821405E-47
0.9953124999999999 3.080402010050251 1.6335934097686444E-47
0.9953124999999999 3.090452261306533 1.3103216590906377E-47
0.9953124999999999 3.100502512562814 1.0521644856681653E-47
0.9953124999999999 3.1105527638190957 8.457786293709783E-48
0.9953124999999999 3.120603015075377 6.806012840176589E-48
0.9953124999999999 3.130653266331658 5.482611916833511E-48
0.9953124999999999 3.14070351758794 4.421164634410668E-48
0.9953124999999999 3.150753768844221 3.5689143140163757E-48
0.9953124999999999 3.1608040201005028 2.883909814054827E-48
0.9953124999999999 3.170854271356784 2.33275576793135E-48
0.9953124999999999 3.180904522613065 1.8888387731273278E-48
0.9953124999999999 3.190954773869347 1.530927261977143E-48
0.9953124999999999 3.201005025125628 1.2420650955203585E-48
0.9953124999999999 3.21105527638191 1.0086962929309968E-48
0.9953124999999999 3.221105527638191 8.199718499014005E-49
0.9953124999999999 3.2311557788944723 6.672001668367591E-49
0.9953124999999999 3.241206030150754 5.434108642437919E-49
0.9953124999999999 3.251256281407035 4.43008221029865E-49
0.9953124999999999 3.261306532663317 3.61495528929668E-49
0.9953124999999999 3.271356783919598 2.952556212448685E-49
0.9953124999999999 3.2814070351758793 2.4137594599471916E-49
0.9953124999999999 3.291457286432161 1.9750899866497653E-49
0.9953124999999999 3.301507537688442 1.6176085300069267E-49
0.9953124999999999 3.311557788944724 1.326020427275966E-49
0.9953124999999999 3.321608040201005 1.0879624089168594E-49
0.9953124999999999 3.3316582914572863 8.934312556580264E-50
0.9953124999999999 3.341708542713568 7.343256485932091E-50
0.9953124999999999 3.351758793969849 6.040784266072281E-50
0.9953124999999999 3.361809045226131 4.9736112400002E-50
0.9953124999999999 3.371859296482412 4.098463527513312E-50
0.9953124999999999 3.3819095477386933 3.380165221580125E-50
0.9953124999999999 3.391959798994975 2.790097137568937E-50
0.9953124999999999 3.4020100502512562 2.3049537759090227E-50
0.9953124999999999 3.412060301507538 1.9057398631850614E-50
0.9953124999999999 3.422110552763819 1.576959547539313E-50
0.9953124999999999 3.4321608040201004 1.3059606601573053E-50
0.9953124999999999 3.442211055276382 1.0824039044258836E-50
0.9953124999999999 3.4522613065326633 8.978327848488082E-51
0.9953124999999999 3.462311557788945 7.453248452775058E-51
0.9953124999999999 3.472361809045226 6.192085932632795E-51
0.9953124999999999 3.4824120603015074 5.148335370205606E-51
0.9953124999999999 3.492462311557789 4.28383206629343E-51
0.9953124999999999 3.5025125628140703 3.567229933540475E-51
0.9953124999999999 3.512562814070352 2.972762171278646E-51
0.9953124999999999 3.522613065326633 2.4792309946134147E-51
0.9953124999999999 3.5326633165829144 2.0691833876539665E-51
0.9953124999999999 3.542713567839196 1.7282380639893254E-51
0.9953124999999999 3.5527638190954773 1.4445354385357322E-51
0.9953124999999999 3.562814070351759 1.2082877570913898E-51
0.9953124999999999 3.5728643216080402 1.0114108441024922E-51
0.9953124999999999 3.5829145728643215 8.472224161301608E-52
0.9953124999999999 3.592964824120603 7.101947293418697E-52
0.9953124999999999 3.6030150753768844 5.957516132460928E-52
0.9953124999999999 3.613065326633166 5.0010179361942514E-52
0.9953124999999999 3.6231155778894473 4.201019085586584E-52
0.9953124999999999 3.6331658291457285 3.531438399377917E-52
0.9953124999999999 3.64321608040201 2.9706197230234486E-52
0.9953124999999999 3.6532663316582914 2.5005679594281252E-52
0.9953124999999999 3.663316582914573 2.1063192568539396E-52
0.9953124999999999 3.6733668341708543 1.7754214018107757E-52
0.9953124999999999 3.6834170854271355 1.4975048107761747E-52
0.9953124999999999 3.693467336683417 1.263928059520495E-52
0.9953124999999999 3.7035175879396984 1.0674847825992928E-52
0.9953124999999999 3.71356783919598 9.021611396767921E-53
0.9953124999999999 3.7236180904522613 7.6293497822451355E-53
0.9953124999999999 3.7336683417085426 6.456094036782118E-53
0.9953124999999999 3.7437185929648242 5.466747631929703E-53
0.9953124999999999 3.7537688442211055 4.631941104137591E-53
0.9953124999999999 3.763819095477387 3.9270808903697117E-53
0.9953124999999999 3.7738693467336684 3.3315588725983383E-53
0.9953124999999999 3.7839195979899496 2.828095019108829E-53
0.9953124999999999 3.7939698492462313 2.402190332853858E-53
0.9953124999999999 3.8040201005025125 2.0416712836718487E-53
0.9953124999999999 3.814070351758794 1.7363101662641887E-53
0.9953124999999999 3.8241206030150754 1.4775085154196228E-53
0.9953124999999999 3.8341708542713566 1.2580329271094034E-53
0.9953124999999999 3.8442211055276383 1.0717944630526537E-53
0.9953124999999999 3.8542713567839195 9.136643261948931E-54
0.9953124999999999 3.864321608040201 7.793197418165681E-54
0.9953124999999999 3.8743718592964824 6.651150100758837E-54
0.9953124999999999 3.884422110552764 5.679735487544173E-54
0.9953124999999999 3.8944723618090453 4.8529745107306826E-54
0.9953124999999999 3.9045226130653266 4.1489166836776144E-54
0.9953124999999999 3.9145728643216082 3.549004122844366E-54
0.9953124999999999 3.9246231155778895 3.037537733567674E-54
0.9953124999999999 3.934673366834171 2.6012288668539408E-54
0.9953124999999999 3.9447236180904524 2.2288225274372602E-54
0.9953124999999999 3.9547738693467336 1.910780518232915E-54
0.9953124999999999 3.9648241206030153 1.6390148233157418E-54
0.9953124999999999 3.9748743718592965 1.4066631269876042E-54
0.9953124999999999 3.984924623115578 1.2078996951695295E-54
0.9953124999999999 3.9949748743718594 1.037775952578026E-54
0.9953124999999999 4.005025125628141 8.92086012419722E-55
0.9953124999999999 4.015075376884422 7.672531857133191E-55
0.9953124999999999 4.025125628140704 6.602341405492506E-55
0.9953124999999999 4.035175879396985 5.684379189557448E-55
0.9953124999999999 4.045226130653266 4.8965746825161684E-55
0.9953124999999999 4.055276381909548 4.220117195225944E-55
0.9953124999999999 4.065326633165829 3.638965603635755E-55
0.9953124999999999 4.075376884422111 3.1394331242888925E-55
0.9953124999999999 4.085427135678392 2.709835450644758E-55
0.9953124999999999 4.0954773869346734 2.3401924138297372E-55
0.9953124999999999 4.105527638190955 2.0219748843390636E-55
0.9953124999999999 4.115577889447236 1.74788993490457E-55
0.9953124999999999 4.125628140703518 1.511698379859343E-55
0.9953124999999999 4.135678391959799 1.308059726778682E-55
0.9953124999999999 4.1457286432160805 1.1324003502669957E-55
0.9953124999999999 4.155778894472362 9.808013491411772E-56
0.9953124999999999 4.165829145728643 8.499030966995447E-56
0.9953124999999999 4.175879396984925 7.368239557942791E-56
0.9953124999999999 4.185929648241206 6.390910198794667E-56
0.9953124999999999 4.1959798994974875 5.54581069671635E-56
0.9953124999999999 4.206030150753769 4.814702122411246E-56
0.9953124999999999 4.21608040201005 4.181909033880496E-56
0.9953124999999999 4.226130653266332 3.633952518712897E-56
0.9953124999999999 4.236180904522613 3.1592367118153572E-56
0.9953124999999999 4.2462311557788945 2.747780858904839E-56
0.9953124999999999 4.256281407035176 2.390990192099948E-56
0.9953124999999999 4.266331658291457 2.081459896556433E-56
0.9953124999999999 4.276381909547739 1.8128073048720708E-56
0.9953124999999999 4.28643216080402 1.5795281830020392E-56
0.9953124999999999 4.296482412060302 1.3768735879367485E-56
0.9953124999999999 4.306532663316583 1.2007443004720256E-56
0.9953124999999999 4.316582914572864 1.0476002804381115E-56
0.9953124999999999 4.326633165829146 9.143829688890825E-57
0.9953124999999999 4.336683417085427 7.984485822331564E-57
0.9953124999999999 4.346733668341709 6.975108157580057E-57
0.9953124999999999 4.35678391959799 6.095916057827804E-57
0.9953124999999999 4.366834170854271 5.329787969281682E-57
0.9953124999999999 4.376884422110553 4.6618972896283264E-57
0.9953124999999999 4.386934673366834 4.079399007804808E-57
0.9953124999999999 4.396984924623116 3.5711599103000004E-57
0.9953124999999999 4.407035175879397 3.127526189325121E-57
0.9953124999999999 4.417085427135678 2.7401231756108683E-57
0.9953124999999999 4.42713567839196 2.4016826760997815E-57
0.9953124999999999 4.437185929648241 2.1058940437368362E-57
0.9953124999999999 4.447236180904523 1.847275659327123E-57
0.9953124999999999 4.457286432160804 1.621063977961201E-57
0.9953124999999999 4.467336683417085 1.4231176966448243E-57
0.9953124999999999 4.477386934673367 1.249834945574368E-57
0.9953124999999999 4.4874371859296485 1.0980817015312613E-57
0.9953124999999999 4.49748743718593 9.651298754108337E-58
0.9953124999999999 4.507537688442211 8.486037431532084E-58
0.9953124999999999 4.517587939698492 7.464335755866512E-58
0.9953124999999999 4.527638190954774 6.56815482426858E-58
0.9953124999999999 4.5376884422110555 5.781766227352176E-58
0.9953124999999999 4.547738693467337 5.091450517970725E-58
0.9953124999999999 4.557788944723618 4.485235754295777E-58
0.9953124999999999 4.567839195979899 3.952670695517181E-58
0.9953124999999999 4.577889447236181 3.484627974824399E-58
0.9953124999999999 4.5879396984924625 3.073133216166095E-58
0.9953124999999999 4.597989949748744 2.711216613501308E-58
0.9953124999999999 4.608040201005025 2.39278396657351E-58
0.9953124999999999 4.618090452261306 2.1125045765456126E-58
0.9953124999999999 4.628140703517588 1.865713757450597E-58
0.9953124999999999 4.63819095477387 1.648328023321644E-58
0.9953124999999999 4.648241206030151 1.4567712729081278E-58
0.9953124999999999 4.658291457286432 1.2879105199235286E-58
0.9953124999999999 4.668341708542713 1.1389999118375479E-58
0.9953124999999999 4.678391959798995 1.0076319486325885E-58
0.9953124999999999 4.688442211055277 8.91694958398359E-59
0.9953124999999999 4.698492462311558 7.8933601231871E-59
0.9953124999999999 4.708542713567839 6.989285702446686E-59
0.9953124999999999 4.71859296482412 6.190442419960243E-59
0.9953124999999999 4.728643216080402 5.484281308104525E-59
0.9953124999999999 4.738693467336684 4.859772957015448E-59
0.9953124999999999 4.748743718592965 4.30721930390553E-59
0.9953124999999999 4.758793969849246 3.8180890922854094E-59
0.9953124999999999 4.768844221105527 3.384873962347914E-59
0.9953124999999999 4.778894472361809 3.000962529992768E-59
0.9953124999999999 4.788944723618091 2.6605301555537175E-59
0.9953124999999999 4.798994974874372 2.358442401340958E-59
0.9953124999999999 4.809045226130653 2.0901704357580606E-59
0.9953124999999999 4.819095477386934 1.8517168662830917E-59
0.9953124999999999 4.8291457286432165 1.6395506785846337E-59
0.9953124999999999 4.839195979899498 1.4505501284192888E-59
0.9953124999999999 4.849246231155779 1.2819525801360455E-59
0.9953124999999999 4.85929648241206 1.1313104135404101E-59
0.9953124999999999 4.869346733668341 9.964522320950892E-60
0.9953124999999999 4.8793969849246235 8.754487021574092E-60
0.9953124999999999 4.889447236180905 7.6658243708358E-60
0.9953124999999999 4.899497487437186 6.683214132165478E-60
0.9953124999999999 4.909547738693467 5.792954684466308E-60
0.9953124999999999 4.919597989949748 4.982754894300596E-60
0.9953124999999999 4.9296482412060305 4.241549417421051E-60
0.9953124999999999 4.939698492462312 3.5593343915779635E-60
0.9953124999999999 4.949748743718593 2.9270208469946925E-60
0.9953124999999999 4.959798994974874 2.3363034776453287E-60
0.9953124999999999 4.969849246231155 1.779542691538313E-60
0.9953124999999999 4.9798994974874375 1.2496580968529106E-60
0.9953124999999999 4.989949748743719 7.400317875372327E-61
0.9953124999999999 5.0 2.4441997079556834E-61
0.9953124999999999 5.010050251256281 -2.4312836681845974E-61
