t F Q
1.0 -0.005025125628140704 0.0
1.0 0.005025125628140704 0.0
1.0 0.01507537688442211 0.0
1.0 0.02512562814070352 0.0
1.0 0.035175879396984924 0.0
1.0 0.04522613065326633 0.0
1.0 0.05527638190954774 0.0
1.0 0.06532663316582915 0.0
1.0 0.07537688442211056 0.0
1.0 0.08542713567839195 0.0
1.0 0.09547738693467336 0.0
1.0 0.10552763819095477 0.0
1.0 0.11557788944723618 0.0
1.0 0.12562814070351758 0.0
1.0 0.135678391959799 0.0
1.0 0.1457286432160804 0.0
1.0 0.15577889447236182 0.0
1.0 0.1658291457286432 0.0
1.0 0.17587939698492464 0.0
1.0 0.18592964824120603 0.0
1.0 0.19597989949748745 0.0
1.0 0.20603015075376885 0.0
1.0 0.21608040201005024 0.0
1.0 0.22613065326633167 0.0
1.0 0.23618090452261306 0.0
1.0 0.24623115577889448 0.0
1.0 0.2562814070351759 0.0
1.0 0.2663316582914573 0.0
1.0 0.2763819095477387 0.0
1.0 0.2864321608040201 0.0
1.0 0.2964824120603015 0.0
1.0 0.3065326633165829 0.0
1.0 0.3165829145728643 0.0
1.0 0.32663316582914576 0.0
1.0 0.33668341708542715 0.0
1.0 0.34673366834170855 0.0
1.0 0.35678391959798994 0.0
1.0 0.36683417085427134 0.0
1.0 0.3768844221105528 0.0
1.0 0.3869346733668342 0.0
1.0 0.3969849246231156 0.0
1.0 0.40703517587939697 0.0
1.0 0.4170854271356784 0.0
1.0 0.4271356783919598 0.0
1.0 0.4371859296482412 0.0
1.0 0.4472361809045226 0.0
1.0 0.457286432160804 0.0
1.0 0.46733668341708545 0.0
1.0 0.47738693467336685 0.0
1.0 0.48743718592964824 0.0
1.0 0.49748743718592964 0.0
1.0 0.507537688442211 0.0
1.0 0.5175879396984925 0.0
1.0 0.5276381909547738 0.0
1.0 0.5376884422110553 0.0
1.0 0.5477386934673367 0.0
1.0 0.5577889447236181 0.0
1.0 0.5678391959798995 0.0
1.0 0.577889447236181 0.0
1.0 0.5879396984924623 0.0
1.0 0.5979899497487438 0.0
1.0 0.6080402010050251 0.0
1.0 0.6180904522613065 0.0
1.0 0.628140703517588 0.0
1.0 0.6381909547738693 0.0
1.0 0.6482412060301508 0.0
1.0 0.6582914572864321 0.0
1.0 0.6683417085427136 0.0
1.0 0.678391959798995 0.0
1.0 0.6884422110552764 0.0
1.0 0.6984924623115578 0.0
1.0 0.7085427135678392 0.0
1.0 0.7185929648241206 0.0
1.0 0.7286432160804021 0.0
1.0 0.7386934673366834 0.0
1.0 0.7487437185929648 0.0
1.0 0.7587939698492463 0.0
1.0 0.7688442211055276 0.0
1.0 0.7788944723618091 0.0
1.0 0.7889447236180904 0.0
1.0 0.7989949748743719 0.0
1.0 0.8090452261306533 0.0
1.0 0.8190954773869347 0.0
1.0 0.8291457286432161 0.0
1.0 0.8391959798994975 0.0
1.0 0.8492462311557789 0.0
1.0 0.8592964824120604 0.0
1.0 0.8693467336683417 0.0
1.0 0.8793969849246231 0.0
1.0 0.8894472361809045 0.0
1.0 0.8994974874371859 0.0
1.0 0.9095477386934674 0.0
1.0 0.9195979899497487 0.0
1.0 0.9296482412060302 0.0
1.0 0.9396984924623115 0.0
1.0 0.949748743718593 0.0
1.0 0.9597989949748744 0.0
1.0 0.9698492462311558 0.0
1.0 0.9798994974874372 0.0
1.0 0.9899497487437187 0.0
1.0 1.0 99.5
1.0 1.0100502512562815 0.0
1.0 1.020100502512563 0.0
1.0 1.0301507537688441 0.0
1.0 1.0402010050251256 0.0
1.0 1.050251256281407 0.0
1.0 1.0603015075376885 0.0
1.0 1.07035175879397 0.0
1.0 1.0804020100502514 0.0
1.0 1.0904522613065326 0.0
1.0 1.100502512562814 0.0
1.0 1.1105527638190955 0.0
1.0 1.120603015075377 0.0
1.0 1.1306532663316584 0.0
1.0 1.1407035175879396 0.0
1.0 1.150753768844221 0.0
1.0 1.1608040201005025 0.0
1.0 1.170854271356784 0.0
1.0 1.1809045226130654 0.0
1.0 1.1909547738693467 0.0
1.0 1.2010050251256281 0.0
1.0 1.2110552763819096 0.0
1.0 1.221105527638191 0.0
1.0 1.2311557788944725 0.0
1.0 1.2412060301507537 0.0
1.0 1.2512562814070352 0.0
1.0 1.2613065326633166 0.0
1.0 1.271356783919598 0.0
1.0 1.2814070351758795 0.0
1.0 1.2914572864321607 0.0
1.0 1.3015075376884422 0.0
1.0 1.3115577889447236 0.0
1.0 1.321608040201005 0.0
1.0 1.3316582914572865 0.0
1.0 1.3417085427135678 0.0
1.0 1.3517587939698492 0.0
1.0 1.3618090452261307 0.0
1.0 1.3718592964824121 0.0
1.0 1.3819095477386936 0.0
1.0 1.3919597989949748 0.0
1.0 1.4020100502512562 0.0
1.0 1.4120603015075377 0.0
1.0 1.4221105527638191 0.0
1.0 1.4321608040201006 0.0
1.0 1.4422110552763818 0.0
1.0 1.4522613065326633 0.0
1.0 1.4623115577889447 0.0
1.0 1.4723618090452262 0.0
1.0 1.4824120603015076 0.0
1.0 1.4924623115577889 0.0
1.0 1.5025125628140703 0.0
1.0 1.5125628140703518 0.0
1.0 1.5226130653266332 0.0
1.0 1.5326633165829147 0.0
1.0 1.542713567839196 0.0
1.0 1.5527638190954773 0.0
1.0 1.5628140703517588 0.0
1.0 1.5728643216080402 0.0
1.0 1.5829145728643217 0.0
1.0 1.5929648241206031 0.0
1.0 1.6030150753768844 0.0
1.0 1.6130653266331658 0.0
1.0 1.6231155778894473 0.0
1.0 1.6331658291457287 0.0
1.0 1.6432160804020102 0.0
1.0 1.6532663316582914 0.0
1.0 1.6633165829145728 0.0
1.0 1.6733668341708543 0.0
1.0 1.6834170854271358 0.0
1.0 1.6934673366834172 0.0
1.0 1.7035175879396984 0.0
1.0 1.7135678391959799 0.0
1.0 1.7236180904522613 0.0
1.0 1.7336683417085428 0.0
1.0 1.7437185929648242 0.0
1.0 1.7537688442211055 0.0
1.0 1.763819095477387 0.0
1.0 1.7738693467336684 0.0
1.0 1.7839195979899498 0.0
1.0 1.7939698492462313 0.0
1.0 1.8040201005025125 0.0
1.0 1.814070351758794 0.0
1.0 1.8241206030150754 0.0
1.0 1.8341708542713568 0.0
1.0 1.8442211055276383 0.0
1.0 1.8542713567839195 0.0
1.0 1.864321608040201 0.0
1.0 1.8743718592964824 0.0
1.0 1.8844221105527639 0.0
1.0 1.8944723618090453 0.0
1.0 1.9045226130653266 0.0
1.0 1.914572864321608 0.0
1.0 1.9246231155778895 0.0
1.0 1.934673366834171 0.0
1.0 1.9447236180904524 0.0
1.0 1.9547738693467338 0.0
1.0 1.964824120603015 0.0
1.0 1.9748743718592965 0.0
1.0 1.984924623115578 0.0
1.0 1.9949748743718594 0.0
1.0 2.0050251256281406 0.0
1.0 2.0150753768844223 0.0
1.0 2.0251256281407035 0.0
1.0 2.0351758793969847 0.0
1.0 2.0452261306532664 0.0
1.0 2.0552763819095476 0.0
1.0 2.0653266331658293 0.0
1.0 2.0753768844221105 0.0
1.0 2.0854271356783918 0.0
1.0 2.0954773869346734 0.0
1.0 2.1055276381909547 0.0
1.0 2.1155778894472363 0.0
1.0 2.1256281407035176 0.0
1.0 2.135678391959799 0.0
1.0 2.1457286432160805 0.0
1.0 2.1557788944723617 0.0
1.0 2.1658291457286434 0.0
1.0 2.1758793969849246 0.0
1.0 2.1859296482412063 0.0
1.0 2.1959798994974875 0.0
1.0 2.2060301507537687 0.0
1.0 2.2160804020100504 0.0
1.0 2.2261306532663316 0.0
1.0 2.2361809045226133 0.0
1.0 2.2462311557788945 0.0
1.0 2.2562814070351758 0.0
1.0 2.2663316582914574 0.0
1.0 2.2763819095477387 0.0
1.0 2.2864321608040203 0.0
1.0 2.2964824120603016 0.0
1.0 2.306532663316583 0.0
1.0 2.3165829145728645 0.0
1.0 2.3266331658291457 0.0
1.0 2.3366834170854274 0.0
1.0 2.3467336683417086 0.0
1.0 2.35678391959799 0.0
1.0 2.3668341708542715 0.0
1.0 2.3768844221105527 0.0
1.0 2.3869346733668344 0.0
1.0 2.3969849246231156 0.0
1.0 2.407035175879397 0.0
1.0 2.4170854271356785 0.0
1.0 2.4271356783919598 0.0
1.0 2.4371859296482414 0.0
1.0 2.4472361809045227 0.0
1.0 2.457286432160804 0.0
1.0 2.4673366834170856 0.0
1.0 2.477386934673367 0.0
1.0 2.4874371859296485 0.0
1.0 2.4974874371859297 0.0
1.0 2.507537688442211 0.0
1.0 2.5175879396984926 0.0
1.0 2.527638190954774 0.0
1.0 2.5376884422110555 0.0
1.0 2.5477386934673367 0.0
1.0 2.557788944723618 0.0
1.0 2.5678391959798996 0.0
1.0 2.577889447236181 0.0
1.0 2.5879396984924625 0.0
1.0 2.5979899497487438 0.0
1.0 2.608040201005025 0.0
1.0 2.6180904522613067 0.0
1.0 2.628140703517588 0.0
1.0 2.6381909547738696 0.0
1.0 2.648241206030151 0.0
1.0 2.658291457286432 0.0
1.0 2.6683417085427137 0.0
1.0 2.678391959798995 0.0
1.0 2.6884422110552766 0.0
1.0 2.698492462311558 0.0
1.0 2.708542713567839 0.0
1.0 2.7185929648241207 0.0
1.0 2.728643216080402 0.0
1.0 2.7386934673366836 0.0
1.0 2.748743718592965 0.0
1.0 2.758793969849246 0.0
1.0 2.7688442211055277 0.0
1.0 2.778894472361809 0.0
1.0 2.7889447236180906 0.0
1.0 2.798994974874372 0.0
1.0 2.809045226130653 0.0
1.0 2.819095477386935 0.0
1.0 2.829145728643216 0.0
1.0 2.8391959798994977 0.0
1.0 2.849246231155779 0.0
1.0 2.85929648241206 0.0
1.0 2.869346733668342 0.0
1.0 2.879396984924623 0.0
1.0 2.8894472361809047 0.0
1.0 2.899497487437186 0.0
1.0 2.909547738693467 0.0
1.0 2.919597989949749 0.0
1.0 2.92964824120603 0.0
1.0 2.9396984924623117 0.0
1.0 2.949748743718593 0.0
1.0 2.959798994974874 0.0
1.0 2.969849246231156 0.0
1.0 2.979899497487437 0.0
1.0 2.9899497487437188 0.0
1.0 3.0 0.0
1.0 3.0100502512562817 0.0
1.0 3.020100502512563 0.0
1.0 3.030150753768844 0.0
1.0 3.040201005025126 0.0
1.0 3.050251256281407 0.0
1.0 3.0603015075376887 0.0
1.0 3.07035175879397 0.0
1.0 3.080402010050251 0.0
1.0 3.090452261306533 0.0
1.0 3.100502512562814 0.0
1.0 3.1105527638190957 0.0
1.0 3.120603015075377 0.0
1.0 3.130653266331658 0.0
1.0 3.14070351758794 0.0
1.0 3.150753768844221 0.0
1.0 3.1608040201005028 0.0
1.0 3.170854271356784 0.0
1.0 3.180904522613065 0.0
1.0 3.190954773869347 0.0
1.0 3.201005025125628 0.0
1.0 3.21105527638191 0.0
1.0 3.221105527638191 0.0
1.0 3.2311557788944723 0.0
1.0 3.241206030150754 0.0
1.0 3.251256281407035 0.0
1.0 3.261306532663317 0.0
1.0 3.271356783919598 0.0
1.0 3.2814070351758793 0.0
1.0 3.291457286432161 0.0
1.0 3.301507537688442 0.0
1.0 3.311557788944724 0.0
1.0 3.321608040201005 0.0
1.0 3.3316582914572863 0.0
1.0 3.341708542713568 0.0
1.0 3.351758793969849 0.0
1.0 3.361809045226131 0.0
1.0 3.371859296482412 0.0
1.0 3.3819095477386933 0.0
1.0 3.391959798994975 0.0
1.0 3.4020100502512562 0.0
1.0 3.412060301507538 0.0
1.0 3.422110552763819 0.0
1.0 3.4321608040201004 0.0
1.0 3.442211055276382 0.0
1.0 3.4522613065326633 0.0
1.0 3.462311557788945 0.0
1.0 3.472361809045226 0.0
1.0 3.4824120603015074 0.0
1.0 3.492462311557789 0.0
1.0 3.5025125628140703 0.0
1.0 3.512562814070352 0.0
1.0 3.522613065326633 0.0
1.0 3.5326633165829144 0.0
1.0 3.542713567839196 0.0
1.0 3.5527638190954773 0.0
1.0 3.562814070351759 0.0
1.0 3.5728643216080402 0.0
1.0 3.5829145728643215 0.0
1.0 3.592964824120603 0.0
1.0 3.6030150753768844 0.0
1.0 3.613065326633166 0.0
1.0 3.6231155778894473 0.0
1.0 3.6331658291457285 0.0
1.0 3.64321608040201 0.0
1.0 3.6532663316582914 0.0
1.0 3.663316582914573 0.0
1.0 3.6733668341708543 0.0
1.0 3.6834170854271355 0.0
1.0 3.693467336683417 0.0
1.0 3.7035175879396984 0.0
1.0 3.71356783919598 0.0
1.0 3.7236180904522613 0.0
1.0 3.7336683417085426 0.0
1.0 3.7437185929648242 0.0
1.0 3.7537688442211055 0.0
1.0 3.763819095477387 0.0
1.0 3.7738693467336684 0.0
1.0 3.7839195979899496 0.0
1.0 3.7939698492462313 0.0
1.0 3.8040201005025125 0.0
1.0 3.814070351758794 0.0
1.0 3.8241206030150754 0.0
1.0 3.8341708542713566 0.0
1.0 3.8442211055276383 0.0
1.0 3.8542713567839195 0.0
1.0 3.864321608040201 0.0
1.0 3.8743718592964824 0.0
1.0 3.884422110552764 0.0
1.0 3.8944723618090453 0.0
1.0 3.9045226130653266 0.0
1.0 3.9145728643216082 0.0
1.0 3.9246231155778895 0.0
1.0 3.934673366834171 0.0
1.0 3.9447236180904524 0.0
1.0 3.9547738693467336 0.0
1.0 3.9648241206030153 0.0
1.0 3.9748743718592965 0.0
1.0 3.984924623115578 0.0
1.0 3.9949748743718594 0.0
1.0 4.005025125628141 0.0
1.0 4.015075376884422 0.0
1.0 4.025125628140704 0.0
1.0 4.035175879396985 0.0
1.0 4.045226130653266 0.0
1.0 4.055276381909548 0.0
1.0 4.065326633165829 0.0
1.0 4.075376884422111 0.0
1.0 4.085427135678392 0.0
1.0 4.0954773869346734 0.0
1.0 4.105527638190955 0.0
1.0 4.115577889447236 0.0
1.0 4.125628140703518 0.0
1.0 4.135678391959799 0.0
1.0 4.1457286432160805 0.0
1.0 4.155778894472362 0.0
1.0 4.165829145728643 0.0
1.0 4.175879396984925 0.0
1.0 4.185929648241206 0.0
1.0 4.1959798994974875 0.0
1.0 4.206030150753769 0.0
1.0 4.21608040201005 0.0
1.0 4.226130653266332 0.0
1.0 4.236180904522613 0.0
1.0 4.2462311557788945 0.0
1.0 4.256281407035176 0.0
1.0 4.266331658291457 0.0
1.0 4.276381909547739 0.0
1.0 4.28643216080402 0.0
1.0 4.296482412060302 0.0
1.0 4.306532663316583 0.0
1.0 4.316582914572864 0.0
1.0 4.326633165829146 0.0
1.0 4.336683417085427 0.0
1.0 4.346733668341709 0.0
1.0 4.35678391959799 0.0
1.0 4.366834170854271 0.0
1.0 4.376884422110553 0.0
1.0 4.386934673366834 0.0
1.0 4.396984924623116 0.0
1.0 4.407035175879397 0.0
1.0 4.417085427135678 0.0
1.0 4.42713567839196 0.0
1.0 4.437185929648241 0.0
1.0 4.447236180904523 0.0
1.0 4.457286432160804 0.0
1.0 4.467336683417085 0.0
1.0 4.477386934673367 0.0
1.0 4.4874371859296485 0.0
1.0 4.49748743718593 0.0
1.0 4.507537688442211 0.0
1.0 4.517587939698492 0.0
1.0 4.527638190954774 0.0
1.0 4.5376884422110555 0.0
1.0 4.547738693467337 0.0
1.0 4.557788944723618 0.0
1.0 4.567839195979899 0.0
1.0 4.577889447236181 0.0
1.0 4.5879396984924625 0.0
1.0 4.597989949748744 0.0
1.0 4.608040201005025 0.0
1.0 4.618090452261306 0.0
1.0 4.628140703517588 0.0
1.0 4.63819095477387 0.0
1.0 4.648241206030151 0.0
1.0 4.658291457286432 0.0
1.0 4.668341708542713 0.0
1.0 4.678391959798995 0.0
1.0 4.688442211055277 0.0
1.0 4.698492462311558 0.0
1.0 4.708542713567839 0.0
1.0 4.71859296482412 0.0
1.0 4.728643216080402 0.0
1.0 4.738693467336684 0.0
1.0 4.748743718592965 0.0
1.0 4.758793969849246 0.0
1.0 4.768844221105527 0.0
1.0 4.778894472361809 0.0
1.0 4.788944723618091 0.0
1.0 4.798994974874372 0.0
1.0 4.809045226130653 0.0
1.0 4.819095477386934 0.0
1.0 4.8291457286432165 0.0
1.0 4.839195979899498 0.0
1.0 4.849246231155779 0.0
1.0 4.85929648241206 0.0
1.0 4.869346733668341 0.0
1.0 4.8793969849246235 0.0
1.0 4.889447236180905 0.0
1.0 4.899497487437186 0.0
1.0 4.909547738693467 0.0
1.0 4.919597989949748 0.0
1.0 4.9296482412060305 0.0
1.0 4.939698492462312 0.0
1.0 4.949748743718593 0.0
1.0 4.959798994974874 0.0
1.0 4.969849246231155 0.0
1.0 4.9798994974874375 0.0
1.0 4.989949748743719 0.0
1.0 5.0 0.0
1.0 5.010050251256281 0.0

0.8 -0.005025125628140704 -3.3933864346584095E-5
0.8 0.005025125628140704 3.3933864346584095E-5
0.8 0.01507537688442211 6.361905724533044E-5
0.8 0.02512562814070352 8.915157494557096E-5
0.8 0.035175879396984924 1.1513067038197993E-4
0.8 0.04522613065326633 1.431581810829169E-4
0.8 0.05527638190954774 1.742136394905819E-4
0.8 0.06532663316582915 2.0907631348327784E-4
0.8 0.07537688442211056 2.484605917183612E-4
0.8 0.08542713567839195 2.930744722321075E-4
0.8 0.09547738693467336 3.436509489594189E-4
0.8 0.10552763819095477 4.00968274992176E-4
0.8 0.11557788944723618 4.6586531553618245E-4
0.8 0.12562814070351758 5.392547749019216E-4
0.8 0.135678391959799 6.221357037204302E-4
0.8 0.1457286432160804 7.15606082219252E-4
0.8 0.15577889447236182 8.208759864481432E-4
0.8 0.1658291457286432 9.392817026744188E-4
0.8 0.17587939698492464 0.0010723010864728787
0.8 0.18592964824120603 0.001221570433264589
0.8 0.19597989949748745 0.0013889031196978137
0.8 0.20603015075376885 0.0015763102819595426
0.8 0.21608040201005024 0.0017860238135213227
0.8 0.22613065326633167 0.002020521988709372
0.8 0.23618090452261306 0.0022825580487306468
0.8 0.24623115577889448 0.002575192122919262
0.8 0.2562814070351759 0.002901826899918667
0.8 0.2663316582914573 0.0032662475114597876
0.8 0.2763819095477387 0.0036726661456798777
0.8 0.2864321608040201 0.004125771968015578
0.8 0.2964824120603015 0.004630786996148507
0.8 0.3065326633165829 0.005193528651902809
0.8 0.3165829145728643 0.005820479798051111
0.8 0.32663316582914576 0.006518867162366826
0.8 0.33668341708542715 0.007296749155649471
0.8 0.34673366834170855 0.00816311420549816
0.8 0.35678391959798994 0.009127990853891467
0.8 0.36683417085427134 0.01020257100459861
0.8 0.3768844221105528 0.011399347856343459
0.8 0.3869346733668342 0.012732270219419878
0.8 0.3969849246231156 0.014216915086656182
0.8 0.40703517587939697 0.01587068051320771
0.8 0.4170854271356784 0.01771300105181755
0.8 0.4271356783919598 0.019765588188088795
0.8 0.4371859296482412 0.02205269841977244
0.8 0.4472361809045226 0.024601431819149963
0.8 0.457286432160804 0.027442064100068726
0.8 0.46733668341708545 0.030608415369962422
0.8 0.47738693467336685 0.03413825886746831
0.8 0.48743718592964824 0.03807377304860865
0.8 0.49748743718592964 0.04246204036369859
0.8 0.507537688442211 0.04735559593072092
0.8 0.5175879396984925 0.05281302901750649
0.8 0.5276381909547738 0.058899639742406654
0.8 0.5376884422110553 0.06568815262573109
0.8 0.5477386934673367 0.07325948749061437
0.8 0.5577889447236181 0.08170358662178016
0.8 0.5678391959798995 0.09112029492124694
0.8 0.577889447236181 0.10162028690295456
0.8 0.5879396984924623 0.11332603056594183
0.8 0.5979899497487438 0.12637277326799867
0.8 0.6080402010050251 0.1409095284439078
0.8 0.6180904522613065 0.15710003409423856
0.8 0.628140703517588 0.17512364409849632
0.8 0.6381909547738693 0.1951761012393047
0.8 0.6482412060301508 0.21747012600671764
0.8 0.6582914572864321 0.24223573743570237
0.8 0.6683417085427136 0.2697202011103003
0.8 0.678391959798995 0.30018747483698616
0.8 0.6884422110552764 0.3339169943159417
0.8 0.6984924623115578 0.3712016096805946
0.8 0.7085427135678392 0.4123444497383703
0.8 0.7185929648241206 0.45765445549574707
0.8 0.7286432160804021 0.5074402904004707
0.8 0.7386934673366834 0.5620023053116319
0.8 0.7487437185929648 0.6216222169305945
0.8 0.7587939698492463 0.6865501570843072
0.8 0.7688442211055276 0.7569887777253441
0.8 0.7788944723618091 0.8330741675992184
0.8 0.7889447236180904 0.914853470892465
0.8 0.7989949748743719 1.002259321355588
0.8 0.8090452261306533 1.0950815498261681
0.8 0.8190954773869347 1.1929371289881863
0.8 0.8291457286432161 1.295240035250292
0.8 0.8391959798994975 1.4011736910322516
0.8 0.8492462311557789 1.5096699666754188
0.8 0.8592964824120604 1.6194004410069853
0.8 0.8693467336683417 1.7287878176806728
0.8 0.8793969849246231 1.8360481432283953
0.8 0.8894472361809045 1.939277835751514
0.8 0.8994974874371859 2.036603555674353
0.8 0.9095477386934674 2.126417648016378
0.8 0.9195979899497487 2.207727233427291
0.8 0.9296482412060302 2.280650942209113
0.8 0.9396984924623115 2.34710362452604
0.8 0.949748743718593 2.411715908338319
0.8 0.9597989949748744 2.483041912672675
0.8 0.9698492462311558 2.575114381039033
0.8 0.9798994974874372 2.70941153981653
0.8 0.9899497487437187 2.917303632912697
0.8 1.0 3.2430488561698905
0.8 1.0100502512562815 2.92129935077289
0.8 1.020100502512563 2.7168548969891884
0.8 1.0301507537688441 2.5856905573015676
0.8 1.0402010050251256 2.49645490743337
0.8 1.050251256281407 2.4275814110822966
0.8 1.0603015075376885 2.3649171138733207
0.8 1.07035175879397 2.2998033159778806
0.8 1.0804020100502514 2.2275458161562947
0.8 1.0904522613065326 2.146216178283007
0.8 1.100502512562814 2.055730077022882
0.8 1.1105527638190955 1.957153921846027
0.8 1.120603015075377 1.852196414544655
0.8 1.1306532663316584 1.7428472467854117
0.8 1.1407035175879396 1.6311305937282181
0.8 1.150753768844221 1.5189462420892785
0.8 1.1608040201005025 1.4079759794252191
0.8 1.170854271356784 1.2996371795551072
0.8 1.1809045226130654 1.195069299280559
0.8 1.1909547738693467 1.0951422403257274
0.8 1.2010050251256281 1.0004782418153642
0.8 1.2110552763819096 0.9114811874008183
0.8 1.221105527638191 0.8283689858079537
0.8 1.2311557788944725 0.7512060701119493
0.8 1.2412060301507537 0.6799341178365895
0.8 1.2512562814070352 0.6143998779315747
0.8 1.2613065326633166 0.554379554512433
0.8 1.271356783919598 0.49959958784303365
0.8 1.2814070351758795 0.4497539307024839
0.8 1.2914572864321607 0.40451807661289746
0.8 1.3015075376884422 0.3635601826701758
0.8 1.3115577889447236 0.326549665452655
0.8 1.321608040201005 0.29316365026515123
0.8 1.3316582914572865 0.2630916342463755
0.8 1.3417085427135678 0.23603869169607916
0.8 1.3517587939698492 0.2117275117727072
0.8 1.3618090452261307 0.18989951883030315
0.8 1.3718592964824121 0.17031528692306103
0.8 1.3819095477386936 0.15275442410074863
0.8 1.3919597989949748 0.13701506994384022
0.8 1.4020100502512562 0.12291312169257884
0.8 1.4120603015075377 0.11028128030002586
0.8 1.4221105527638191 0.09896798755524357
0.8 1.4321608040201006 0.08883630872581016
0.8 1.4422110552763818 0.07976280154958174
0.8 1.4522613065326633 0.07163640144325337
0.8 1.4623115577889447 0.0643573440853879
0.8 1.4723618090452262 0.057836139702211145
0.8 1.4824120603015076 0.05199260810403364
0.8 1.4924623115577889 0.046754979500030235
0.8 1.5025125628140703 0.04205906311281075
0.8 1.5125628140703518 0.03784748341447803
0.8 1.5226130653266332 0.03406898224075876
0.8 1.5326633165829147 0.030677783968303382
0.8 1.542713567839196 0.02763302024801853
0.8 1.5527638190954773 0.024898210382426116
0.8 1.5628140703517588 0.02244079324444055
0.8 1.5728643216080402 0.02023170660100069
0.8 1.5829145728643217 0.01824500978269414
0.8 1.5929648241206031 0.016457545795127624
0.8 1.6030150753768844 0.014848639172744774
0.8 1.6130653266331658 0.013399826111045971
0.8 1.6231155778894473 0.01209461366380974
0.8 1.6331658291457287 0.010918265047074376
0.8 1.6432160804020102 0.009857608343553016
0.8 1.6532663316582914 0.008900866144460336
0.8 1.6633165829145728 0.008037503896889953
0.8 1.6733668341708543 0.007258094941729101
0.8 1.6834170854271358 0.006554200428487474
0.8 1.6934673366834172 0.005918262478939182
0.8 1.7035175879396984 0.005343509141256045
0.8 1.7135678391959799 0.0048238698308338945
0.8 1.7236180904522613 0.004353900094011466
0.8 1.7336683417085428 0.003928714657235745
0.8 1.7437185929648242 0.003543927837900038
0.8 1.7537688442211055 0.003195600495065176
0.8 1.763819095477387 0.0028801927895620028
0.8 1.7738693467336684 0.002594522104524436
0.8 1.7839195979899498 0.0023357255501366414
0.8 1.7939698492462313 0.002101226541155965
0.8 1.8040201005025125 0.001888704993397881
0.8 1.814070351758794 0.0016960707365802768
0.8 1.8241206030150754 0.001521439786397673
0.8 1.8341708542713568 0.001363113159047677
0.8 1.8442211055276383 0.0012195579472196287
0.8 1.8542713567839195 0.0010893904082817703
0.8 1.864321608040201 9.713608435196362E-4
0.8 1.8743718592964824 8.643400721906743E-4
0.8 1.8844221105527639 7.673073262290326E-4
0.8 1.8944723618090453 6.793394109837949E-4
0.8 1.9045226130653266 5.996009946907105E-4
0.8 1.914572864321608 5.273359047171435E-4
0.8 1.9246231155778895 4.6185932221009737E-4
0.8 1.934673366834171 4.0255077881809313E-4
0.8 1.9447236180904524 3.488478698289738E-4
0.8 1.9547738693467338 3.0024060752418744E-4
0.8 1.964824120603015 2.5626634693660033E-4
0.8 1.9748743718592965 2.1650522363638553E-4
0.8 1.984924623115578 1.8057604976766178E-4
0.8 1.9949748743718594 1.4813262041419185E-4
0.8 2.0050251256281406 1.1886038757050969E-4
0.8 2.0150753768844223 9.24734636113941E-5
0.8 2.0251256281407035 6.871192025402354E-5
0.8 2.0351758793969847 4.733935265236215E-5
0.8 2.0452261306532664 2.814068150469671E-5
0.8 2.0552763819095476 1.0920168938433755E-5
0.8 2.0653266331658293 -4.500373497709487E-6
0.8 2.0753768844221105 -1.8283204119446186E-5
0.8 2.0854271356783918 -3.0576115020890856E-5
0.8 2.0954773869346734 -4.1513756153489616E-5
0.8 2.1055276381909547 -5.1218833489726466E-5
0.8 2.1155778894472363 -5.9803193748976264E-5
0.8 2.1256281407035176 -6.736880687571701E-5
0.8 2.135678391959799 -7.400865631088127E-5
0.8 2.1457286432160805 -7.98075460703531E-5
0.8 2.1557788944723617 -8.484283272694503E-5
0.8 2.1658291457286434 -8.91850895715278E-5
0.8 2.1758793969849246 -9.289870949487355E-5
0.8 2.1859296482412063 -9.604245247450509E-5
0.8 2.1959798994974875 -9.866994296243363E-5
0.8 2.2060301507537687 -1.0083012194226542E-4
0.8 2.2160804020100504 -1.0256765795148802E-4
0.8 2.2261306532663316 -1.0392332094079511E-4
0.8 2.2361809045226133 -1.0493432246181972E-4
0.8 2.2462311557788945 -1.0563462533316596E-4
0.8 2.2562814070351758 -1.0605522562778802E-4
0.8 2.2663316582914574 -1.0622440954912013E-4
0.8 2.2763819095477387 -1.0616798751544778E-4
0.8 2.2864321608040203 -1.0590950754907065E-4
0.8 2.2964824120603016 -1.0547044986612881E-4
0.8 2.306532663316583 -1.0487040438228435E-4
0.8 2.3165829145728645 -1.0412723268668901E-4
0.8 2.3266331658291457 -1.0325721589000102E-4
0.8 2.3366834170854274 -1.0227518961990374E-4
0.8 2.3467336683417086 -1.011946673183117E-4
0.8 2.35678391959799 -1.0002795288672648E-4
0.8 2.3668341708542715 -9.878624362899308E-5
0.8 2.3768844221105527 -9.747972435285616E-5
0.8 2.3869346733668344 -9.611765341235087E-5
0.8 2.3969849246231156 -9.470844140126991E-5
0.8 2.407035175879397 -9.325972314304452E-5
0.8 2.4170854271356785 -9.177842356360437E-5
0.8 2.4271356783919598 -9.027081798060799E-5
0.8 2.4371859296482414 -8.874258729423543E-5
0.8 2.4472361809045227 -8.71988685210973E-5
0.8 2.457286432160804 -8.564430107322631E-5
0.8 2.4673366834170856 -8.40830691482302E-5
0.8 2.477386934673367 -8.251894056412177E-5
0.8 2.4874371859296485 -8.095530234278868E-5
0.8 2.4974874371859297 -7.939519331922262E-5
0.8 2.507537688442211 -7.784133402925569E-5
0.8 2.5175879396984926 -7.62961541063929E-5
0.8 2.527638190954774 -7.476181739819569E-5
0.8 2.5376884422110555 -7.324024499435122E-5
0.8 2.5477386934673367 -7.173313634190075E-5
0.8 2.557788944723618 -7.024198860793203E-5
0.8 2.5678391959798996 -6.876811443623547E-5
0.8 2.577889447236181 -6.731265823184504E-5
0.8 2.5879396984924625 -6.587661109592276E-5
0.8 2.5979899497487438 -6.44608245230043E-5
0.8 2.608040201005025 -6.306602296310063E-5
0.8 2.6180904522613067 -6.169281534245768E-5
0.8 2.628140703517588 -6.0341705628854444E-5
0.8 2.6381909547738696 -5.9013102520086454E-5
0.8 2.648241206030151 -5.770732832767326E-5
0.8 2.658291457286432 -5.6424627121795154E-5
0.8 2.6683417085427137 -5.516517219795672E-5
0.8 2.678391959798995 -5.3929072920832E-5
0.8 2.6884422110552766 -5.2716380996142636E-5
0.8 2.698492462311558 -5.15270962172096E-5
0.8 2.708542713567839 -5.036117172896467E-5
0.8 2.7185929648241207 -4.921851884868143E-5
0.8 2.728643216080402 -4.809901147946106E-5
0.8 2.7386934673366836 -4.7002490149549456E-5
0.8 2.748743718592965 -4.592876570786136E-5
0.8 2.758793969849246 -4.487762270360089E-5
0.8 2.7688442211055277 -4.3848822475602955E-5
0.8 2.778894472361809 -4.284210597493187E-5
0.8 2.7889447236180906 -4.18571963423693E-5
0.8 2.798994974874372 -4.0893801260666936E-5
0.8 2.809045226130653 -3.9951615099838615E-5
0.8 2.819095477386935 -3.903032087228776E-5
0.8 2.829145728643216 -3.812959201321761E-5
0.8 2.8391959798994977 -3.7249094000526596E-5
0.8 2.849246231155779 -3.638848582725144E-5
0.8 2.85929648241206 -3.554742133857642E-5
0.8 2.869346733668342 -3.472555044446105E-5
0.8 2.879396984924623 -3.392252021805549E-5
0.8 2.8894472361809047 -3.313797588926442E-5
0.8 2.899497487437186 -3.237156174206723E-5
0.8 2.909547738693467 -3.1622921923519815E-5
0.8 2.919597989949749 -3.089170117173283E-5
0.8 2.92964824120603 -3.0177545469535608E-5
0.8 2.9396984924623117 -2.9480102630007326E-5
0.8 2.949748743718593 -2.879902281955921E-5
0.8 2.959798994974874 -2.8133959023804634E-5
0.8 2.969849246231156 -2.7484567461033712E-5
0.8 2.979899497487437 -2.6850507947728613E-5
0.8 2.9899497487437188 -2.623144422020073E-5
0.8 3.0 -2.5627044216109036E-5
0.8 3.0100502512562817 -2.5036980319315778E-5
0.8 3.020100502512563 -2.4460929571264357E-5
0.8 3.030150753768844 -2.3898573851807118E-5
0.8 3.040201005025126 -2.3349600032179253E-5
0.8 3.050251256281407 -2.281370010259829E-5
0.8 3.0603015075376887 -2.2290571276770713E-5
0.8 3.07035175879397 -2.1779916075404074E-5
0.8 3.080402010050251 -2.1281442390655496E-5
0.8 3.090452261306533 -2.079486353328972E-5
0.8 3.100502512562814 -2.0319898264179706E-5
0.8 3.1105527638190957 -1.985627081164814E-5
0.8 3.120603015075377 -1.9403710876028307E-5
0.8 3.130653266331658 -1.8961953622710105E-5
0.8 3.14070351758794 -1.8530739664833127E-5
0.8 3.150753768844221 -1.8109815036693747E-5
0.8 3.1608040201005028 -1.7698931158846012E-5
0.8 3.170854271356784 -1.7297844795794118E-5
0.8 3.180904522613065 -1.6906318007099553E-5
0.8 3.190954773869347 -1.6524118092658394E-5
0.8 3.201005025125628 -1.6151017532839602E-5
0.8 3.21105527638191 -1.57867939241165E-5
0.8 3.221105527638191 -1.5431229910771528E-5
0.8 3.2311557788944723 -1.5084113113202527E-5
0.8 3.241206030150754 -1.4745236053313935E-5
0.8 3.251256281407035 -1.4414396077434835E-5
0.8 3.261306532663317 -1.4091395277165896E-5
0.8 3.271356783919598 -1.3776040408521376E-5
0.8 3.2814070351758793 -1.3468142809700589E-5
0.8 3.291457286432161 -1.316751831779174E-5
0.8 3.301507537688442 -1.2873987184683415E-5
0.8 3.311557788944724 -1.2587373992433763E-5
0.8 3.321608040201005 -1.2307507568322973E-5
0.8 3.3316582914572863 -1.2034220899793534E-5
0.8 3.341708542713568 -1.1767351049462216E-5
0.8 3.351758793969849 -1.150673907037003E-5
0.8 3.361809045226131 -1.1252229921618413E-5
0.8 3.371859296482412 -1.1003672384525908E-5
0.8 3.3819095477386933 -1.0760918979423292E-5
0.8 3.391959798994975 -1.0523825883194292E-5
0.8 3.4020100502512562 -1.0292252847655074E-5
0.8 3.412060301507538 -1.0066063118855894E-5
0.8 3.422110552763819 -9.845123357377574E-6
0.8 3.4321608040201004 -9.629303559686731E-6
0.8 3.442211055276382 -9.418476980604716E-6
0.8 3.4522613065326633 -9.21252005693774E-6
0.8 3.462311557788945 -9.011312332308737E-6
0.8 3.472361809045226 -8.814736383224872E-6
0.8 3.4824120603015074 -8.622677746408555E-6
0.8 3.492462311557789 -8.435024847415083E-6
0.8 3.5025125628140703 -8.251668930554279E-6
0.8 3.512562814070352 -8.072503990129978E-6
0.8 3.522613065326633 -7.89742670300636E-6
0.8 3.5326633165829144 -7.72633636250734E-6
0.8 3.542713567839196 -7.559134813650789E-6
0.8 3.5527638190954773 -7.395726389717947E-6
0.8 3.562814070351759 -7.236017850153914E-6
0.8 3.5728643216080402 -7.079918319794344E-6
0.8 3.5829145728643215 -6.927339229410211E-6
0.8 3.592964824120603 -6.778194257560777E-6
0.8 3.6030150753768844 -6.632399273743896E-6
0.8 3.613065326633166 -6.489872282830065E-6
0.8 3.6231155778894473 -6.350533370766341E-6
0.8 3.6331658291457285 -6.214304651534562E-6
0.8 3.64321608040201 -6.081110215346959E-6
0.8 3.6532663316582914 -5.950876078062392E-6
0.8 3.663316582914573 -5.823530131804288E-6
0.8 3.6733668341708543 -5.699002096761913E-6
0.8 3.6834170854271355 -5.577223474155221E-6
0.8 3.693467336683417 -5.458127500343502E-6
0.8 3.7035175879396984 -5.341649102057432E-6
0.8 3.71356783919598 -5.227724852734194E-6
0.8 3.7236180904522613 -5.1162929299343406E-6
0.8 3.7336683417085426 -5.0072930738200355E-6
0.8 3.7437185929648242 -4.900666546673003E-6
0.8 3.7537688442211055 -4.796356093431454E-6
0.8 3.763819095477387 -4.694305903224653E-6
0.8 3.7738693467336684 -4.594461571884023E-6
0.8 3.7839195979899496 -4.496770065409936E-6
0.8 3.7939698492462313 -4.401179684372999E-6
0.8 3.8040201005025125 -4.307640029229361E-6
0.8 3.814070351758794 -4.216101966529311E-6
0.8 3.8241206030150754 -4.12651759599878E-6
0.8 3.8341708542713566 -4.038840218473645E-6
0.8 3.8442211055276383 -3.953024304666973E-6
0.8 3.8542713567839195 -3.869025464749402E-6
0.8 3.864321608040201 -3.786800418723398E-6
0.8 3.8743718592964824 -3.706306967572297E-6
0.8 3.884422110552764 -3.6275039651652886E-6
0.8 3.8944723618090453 -3.550351290899881E-6
0.8 3.9045226130653266 -3.4748098230637383E-6
0.8 3.9145728643216082 -3.400841412897928E-6
0.8 3.9246231155778895 -3.328408859344177E-6
0.8 3.934673366834171 -3.257475884458958E-6
0.8 3.9447236180904524 -3.1880071094773853E-6
0.8 3.9547738693467336 -3.1199680315106486E-6
0.8 3.9648241206030153 -3.0533250008606483E-6
0.8 3.9748743718592965 -2.9880451989360475E-6
0.8 3.984924623115578 -2.924096616754254E-6
0.8 3.9949748743718594 -2.8614480340140893E-6
0.8 4.005025125628141 -2.800068998724469E-6
0.8 4.015075376884422 -2.739929807374404E-6
0.8 4.025125628140704 -2.6810014856303107E-6
0.8 4.035175879396985 -2.623255769546708E-6
0.8 4.045226130653266 -2.5666650872767752E-6
0.8 4.055276381909548 -2.5112025412696178E-6
0.8 4.065326633165829 -2.4568418909413145E-6
0.8 4.075376884422111 -2.4035575358071648E-6
0.8 4.085427135678392 -2.351324499062937E-6
0.8 4.0954773869346734 -2.300118411602953E-6
0.8 4.105527638190955 -2.249915496463613E-6
0.8 4.115577889447236 -2.2006925536807404E-6
0.8 4.125628140703518 -2.1524269455497512E-6
0.8 4.135678391959799 -2.105096582277831E-6
0.8 4.1457286432160805 -2.058679908017524E-6
0.8 4.155778894472362 -2.0131558872715183E-6
0.8 4.165829145728643 -1.9685039916585576E-6
0.8 4.175879396984925 -1.9247041870308053E-6
0.8 4.185929648241206 -1.8817369209330646E-6
0.8 4.1959798994974875 -1.8395831103947022E-6
0.8 4.206030150753769 -1.798224130045202E-6
0.8 4.21608040201005 -1.7576418005446031E-6
0.8 4.226130653266332 -1.7178183773202606E-6
0.8 4.236180904522613 -1.67873653960168E-6
0.8 4.2462311557788945 -1.6403793797452461E-6
0.8 4.256281407035176 -1.6027303928410699E-6
0.8 4.266331658291457 -1.5657734665941762E-6
0.8 4.276381909547739 -1.529492871472705E-6
0.8 4.28643216080402 -1.4938732511157452E-6
0.8 4.296482412060302 -1.4588996129938284E-6
0.8 4.306532663316583 -1.4245573193151875E-6
0.8 4.316582914572864 -1.3908320781710642E-6
0.8 4.326633165829146 -1.3577099349136525E-6
0.8 4.336683417085427 -1.3251772637602178E-6
0.8 4.346733668341709 -1.2932207596173881E-6
0.8 4.35678391959799 -1.2618274301195266E-6
0.8 4.366834170854271 -1.2309845878754431E-6
0.8 4.376884422110553 -1.2006798429176862E-6
0.8 4.386934673366834 -1.1709010953490525E-6
0.8 4.396984924623116 -1.1416365281808176E-6
0.8 4.407035175879397 -1.112874600357593E-6
0.8 4.417085427135678 -1.0846040399636572E-6
0.8 4.42713567839196 -1.0568138376059503E-6
0.8 4.437185929648241 -1.0294932399688013E-6
0.8 4.447236180904523 -1.0026317435358847E-6
0.8 4.457286432160804 -9.762190884747457E-7
0.8 4.467336683417085 -9.502452526796144E-7
0.8 4.477386934673367 -9.24700445968121E-7
0.8 4.4874371859296485 -8.995751044278475E-7
0.8 4.49748743718593 -8.748598849086051E-7
0.8 4.507537688442211 -8.505456596565169E-7
0.8 4.517587939698492 -8.266235110861163E-7
0.8 4.527638190954774 -8.030847266867166E-7
0.8 4.5376884422110555 -7.799207940594081E-7
0.8 4.547738693467337 -7.571233960812471E-7
0.8 4.557788944723618 -7.346844061931323E-7
0.8 4.567839195979899 -7.125958838081153E-7
0.8 4.577889447236181 -6.908500698368546E-7
0.8 4.5879396984924625 -6.69439382327151E-7
0.8 4.597989949748744 -6.483564122144064E-7
0.8 4.608040201005025 -6.275939191801412E-7
0.8 4.618090452261306 -6.071448276156174E-7
0.8 4.628140703517588 -5.870022226877758E-7
0.8 4.63819095477387 -5.671593465047689E-7
0.8 4.648241206030151 -5.476095943784352E-7
0.8 4.658291457286432 -5.28346511181118E-7
0.8 4.668341708542713 -5.093637877943269E-7
0.8 4.678391959798995 -4.906552576468274E-7
0.8 4.688442211055277 -4.722148933397458E-7
0.8 4.698492462311558 -4.5403680335640775E-7
0.8 4.708542713567839 -4.361152288546657E-7
0.8 4.71859296482412 -4.184445405395281E-7
0.8 4.728643216080402 -4.0101923561397655E-7
0.8 4.738693467336684 -3.838339348058918E-7
0.8 4.748743718592965 -3.668833794691057E-7
0.8 4.758793969849246 -3.5016242875661697E-7
0.8 4.768844221105527 -3.336660568640693E-7
0.8 4.778894472361809 -3.17389350341662E-7
0.8 4.788944723618091 -3.0132750547266865E-7
0.8 4.798994974874372 -2.8547582571686424E-7
0.8 4.809045226130653 -2.6982971921712193E-7
0.8 4.819095477386934 -2.543846963675467E-7
0.8 4.8291457286432165 -2.3913636744154415E-7
0.8 4.839195979899498 -2.240804402782519E-7
0.8 4.849246231155779 -2.092127180258233E-7
0.8 4.85929648241206 -1.9452909694008024E-7
0.8 4.869346733668341 -1.8002556423709697E-7
0.8 4.8793969849246235 -1.6569819599832603E-7
0.8 4.889447236180905 -1.5154315512689115E-7
0.8 4.899497487437186 -1.3755668935373756E-7
0.8 4.909547738693467 -1.237351292923433E-7
0.8 4.919597989949748 -1.1007488654074559E-7
0.8 4.9296482412060305 -9.657245182965688E-8
0.8 4.939698492462312 -8.322439321548939E-8
0.8 4.949748743718593 -7.002735431713748E-8
0.8 4.959798994974874 -5.697805259538655E-8
0.8 4.969849246231155 -4.407327767386566E-8
0.8 4.9798994974874375 -3.130988970047539E-8
0.8 4.989949748743719 -1.868481774825936E-8
0.8 5.0 -6.195058254712001E-9
0.8 5.010050251256281 6.162326501455096E-9

0.6000000000000001 -0.005025125628140704 -0.0014841608768701425
0.6000000000000001 0.005025125628140704 0.0014841608768701425
0.6000000000000001 0.01507537688442211 0.0026954483432476547
0.6000000000000001 0.02512562814070352 0.0036301313285416496
0.6000000000000001 0.035175879396984924 0.00447257222223799
0.6000000000000001 0.04522613065326633 0.005276499995855546
0.6000000000000001 0.05527638190954774 0.00606725761942167
0.6000000000000001 0.06532663316582915 0.006859832058193469
0.6000000000000001 0.07537688442211056 0.007664478296457758
0.6000000000000001 0.08542713567839195 0.008489001919939487
0.6000000000000001 0.09547738693467336 0.009339849077227525
0.6000000000000001 0.10552763819095477 0.01022269022372315
0.6000000000000001 0.11557788944723618 0.011142761776047632
0.6000000000000001 0.12562814070351758 0.01210508145899595
0.6000000000000001 0.135678391959799 0.013114593297695508
0.6000000000000001 0.1457286432160804 0.014176271442808546
0.6000000000000001 0.15577889447236182 0.01529519903136243
0.6000000000000001 0.1658291457286432 0.016476631559872352
0.6000000000000001 0.17587939698492464 0.01772605056962958
0.6000000000000001 0.18592964824120603 0.01904921134125689
0.6000000000000001 0.19597989949748745 0.02045218704618098
0.6000000000000001 0.20603015075376885 0.021941411035619834
0.6000000000000001 0.21608040201005024 0.023523718463392292
0.6000000000000001 0.22613065326633167 0.025206388125577052
0.6000000000000001 0.23618090452261306 0.026997185193023885
0.6000000000000001 0.24623115577889448 0.028904405373217177
0.6000000000000001 0.2562814070351759 0.030936920942165082
0.6000000000000001 0.2663316582914573 0.03310422901972372
0.6000000000000001 0.2763819095477387 0.035416502413213466
0.6000000000000001 0.2864321608040201 0.03788464331770422
0.6000000000000001 0.2964824120603015 0.040520340132310234
0.6000000000000001 0.3065326633165829 0.043336127626848193
0.6000000000000001 0.3165829145728643 0.046345450669668484
0.6000000000000001 0.32663316582914576 0.04956273170321753
0.6000000000000001 0.33668341708542715 0.05300344212704924
0.6000000000000001 0.34673366834170855 0.05668417771679829
0.6000000000000001 0.35678391959798994 0.06062273817031235
0.6000000000000001 0.36683417085427134 0.06483821082689355
0.6000000000000001 0.3768844221105528 0.06935105855047612
0.6000000000000001 0.3869346733668342 0.0741832117004601
0.6000000000000001 0.3969849246231156 0.0793581640324923
0.6000000000000001 0.40703517587939697 0.08490107227314538
0.6000000000000001 0.4170854271356784 0.0908388589943406
0.6000000000000001 0.4271356783919598 0.09720031827229356
0.6000000000000001 0.4371859296482412 0.10401622344825631
0.6000000000000001 0.4472361809045226 0.111319436110538
0.6000000000000001 0.457286432160804 0.11914501518507055
0.6000000000000001 0.46733668341708545 0.1275303247506947
0.6000000000000001 0.47738693467336685 0.13651513888066258
0.6000000000000001 0.48743718592964824 0.1461417414487361
0.6000000000000001 0.49748743718592964 0.156455018421728
0.6000000000000001 0.507537688442211 0.16750253968557882
0.6000000000000001 0.5175879396984925 0.1793346269144965
0.6000000000000001 0.5276381909547738 0.1920044033883926
0.6000000000000001 0.5376884422110553 0.20556782098973636
0.6000000000000001 0.5477386934673367 0.22008365886540698
0.6000000000000001 0.5577889447236181 0.23561348742235394
0.6000000000000001 0.5678391959798995 0.25222159044067016
0.6000000000000001 0.577889447236181 0.26997483714013776
0.6000000000000001 0.5879396984924623 0.28894249503661845
0.6000000000000001 0.5979899497487438 0.30919597338814764
0.6000000000000001 0.6080402010050251 0.3308084859787166
0.6000000000000001 0.6180904522613065 0.3538546209490725
0.6000000000000001 0.628140703517588 0.3784098043953451
0.6000000000000001 0.6381909547738693 0.4045496435640677
0.6000000000000001 0.6482412060301508 0.432349134732534
0.6000000000000001 0.6582914572864321 0.4618817203437177
0.6000000000000001 0.6683417085427136 0.4932181797440307
0.6000000000000001 0.678391959798995 0.5264253380408086
0.6000000000000001 0.6884422110552764 0.561564578258166
0.6000000000000001 0.6984924623115578 0.5986901432417525
0.6000000000000001 0.7085427135678392 0.637847215778057
0.6000000000000001 0.7185929648241206 0.679069768305088
0.6000000000000001 0.7286432160804021 0.7223781775798633
0.6000000000000001 0.7386934673366834 0.767776604956871
0.6000000000000001 0.7487437185929648 0.8152501498067471
0.6000000000000001 0.7587939698492463 0.8647617924475094
0.6000000000000001 0.7688442211055276 0.9162491542925688
0.6000000000000001 0.7788944723618091 0.9696211174564764
0.6000000000000001 0.7889447236180904 1.0247543647737059
0.6000000000000001 0.7989949748743719 1.0814899253620116
0.6000000000000001 0.8090452261306533 1.1396298421165236
0.6000000000000001 0.8190954773869347 1.1989341177394781
0.6000000000000001 0.8291457286432161 1.2591181470250667
0.6000000000000001 0.8391959798994975 1.3198509066018764
0.6000000000000001 0.8492462311557789 1.380754249246372
0.6000000000000001 0.8592964824120604 1.441403735234162
0.6000000000000001 0.8693467336683417 1.5013315193714925
0.6000000000000001 0.8793969849246231 1.5600318812237028
0.6000000000000001 0.8894472361809045 1.6169700045304174
0.6000000000000001 0.8994974874371859 1.6715945244599648
0.6000000000000001 0.9095477386934674 1.72335408120093
0.6000000000000001 0.9195979899497487 1.7717175157707452
0.6000000000000001 0.9296482412060302 1.8161962344162292
0.6000000000000001 0.9396984924623115 1.8563654003993035
0.6000000000000001 0.949748743718593 1.8918776584584753
0.6000000000000001 0.9597989949748744 1.9224586481631372
0.6000000000000001 0.9698492462311558 1.94786712903135
0.6000000000000001 0.9798994974874372 1.9677935688869947
0.6000000000000001 0.9899497487437187 1.9816589467248757
0.6000000000000001 1.0 1.9882597084483065
0.6000000000000001 1.0100502512562815 1.9851847705523693
0.6000000000000001 1.020100502512563 1.9747411771860977
0.6000000000000001 1.0301507537688441 1.958042000197144
0.6000000000000001 1.0402010050251256 1.9355845786709183
0.6000000000000001 1.050251256281407 1.9076060572910416
0.6000000000000001 1.0603015075376885 1.8742871877788612
0.6000000000000001 1.07035175879397 1.8358565238212217
0.6000000000000001 1.0804020100502514 1.7926322434405755
0.6000000000000001 1.0904522613065326 1.7450273618993113
0.6000000000000001 1.100502512562814 1.6935355142955126
0.6000000000000001 1.1105527638190955 1.638708258903812
0.6000000000000001 1.120603015075377 1.5811304844324277
0.6000000000000001 1.1306532663316584 1.5213975562891202
0.6000000000000001 1.1407035175879396 1.4600959346154185
0.6000000000000001 1.150753768844221 1.397787835985491
0.6000000000000001 1.1608040201005025 1.3349998540213162
0.6000000000000001 1.170854271356784 1.2722151244760131
0.6000000000000001 1.1809045226130654 1.20986849084571
0.6000000000000001 1.1909547738693467 1.1483441108682817
0.6000000000000001 1.2010050251256281 1.0879749864675314
0.6000000000000001 1.2110552763819096 1.0290439658635493
0.6000000000000001 1.221105527638191 0.9717858376904167
0.6000000000000001 1.2311557788944725 0.916390203603789
0.6000000000000001 1.2412060301507537 0.8630048742833919
0.6000000000000001 1.2512562814070352 0.8117395832802553
0.6000000000000001 1.2613065326633166 0.7626698545980466
0.6000000000000001 1.271356783919598 0.7158408944821235
0.6000000000000001 1.2814070351758795 0.6712714068586151
0.6000000000000001 1.2914572864321607 0.6289572562472786
0.6000000000000001 1.3015075376884422 0.5888749225427767
0.6000000000000001 1.3115577889447236 0.5509847093796861
0.6000000000000001 1.321608040201005 0.5152336822715404
0.6000000000000001 1.3316582914572865 0.48155832465115583
0.6000000000000001 1.3417085427135678 0.44988690959492866
0.6000000000000001 1.3517587939698492 0.42014159262254813
0.6000000000000001 1.3618090452261307 0.3922402367546886
0.6000000000000001 1.3718592964824121 0.36609798521322856
0.6000000000000001 1.3819095477386936 0.3416285999882716
0.6000000000000001 1.3919597989949748 0.3187455861946029
0.6000000000000001 1.4020100502512562 0.29736312290676037
0.6000000000000001 1.4120603015075377 0.2773968211899526
0.6000000000000001 1.4221105527638191 0.2587643295070281
0.6000000000000001 1.4321608040201006 0.24138580573113405
0.6000000000000001 1.4422110552763818 0.22518427375826047
0.6000000000000001 1.4522613065326633 0.21008588130026368
0.6000000000000001 1.4623115577889447 0.19602007393290144
0.6000000000000001 1.4723618090452262 0.18291969894204832
0.6000000000000001 1.4824120603015076 0.17072105100518514
0.6000000000000001 1.4924623115577889 0.15936387030112745
0.6000000000000001 1.5025125628140703 0.14879130228385223
0.6000000000000001 1.5125628140703518 0.13894982710186565
0.6000000000000001 1.5226130653266332 0.12978916550114017
0.6000000000000001 1.5326633165829147 0.1212621670199211
0.6000000000000001 1.542713567839196 0.11332468536612172
0.6000000000000001 1.5527638190954773 0.10593544505814959
0.6000000000000001 1.5628140703517588 0.09905590270135387
0.6000000000000001 1.5728643216080402 0.09265010565720096
0.6000000000000001 1.5829145728643217 0.08668455033243423
0.6000000000000001 1.5929648241206031 0.08112804186241789
0.6000000000000001 1.6030150753768844 0.07595155657820268
0.6000000000000001 1.6130653266331658 0.07112810832261914
0.6000000000000001 1.6231155778894473 0.06663261940940196
0.6000000000000001 1.6331658291457287 0.06244179679406641
0.6000000000000001 1.6432160804020102 0.0585340138397177
0.6000000000000001 1.6532663316582914 0.05488919790953799
0.6000000000000001 1.6633165829145728 0.0514887238953395
0.6000000000000001 1.6733668341708543 0.048315313693859406
0.6000000000000001 1.6834170854271358 0.045352941565533045
0.6000000000000001 1.6934673366834172 0.042586745250935296
0.6000000000000001 1.7035175879396984 0.040002942675008785
0.6000000000000001 1.7135678391959799 0.037588754036101
0.6000000000000001 1.7236180904522613 0.035332329053560416
0.6000000000000001 1.7336683417085428 0.03322267913238241
0.6000000000000001 1.7437185929648242 0.031249614194597576
0.6000000000000001 1.7537688442211055 0.029403683923470963
0.6000000000000001 1.763819095477387 0.027676123167037117
0.6000000000000001 1.7738693467336684 0.02605880125113151
0.6000000000000001 1.7839195979899498 0.024544174958141127
0.6000000000000001 1.7939698492462313 0.02312524493556955
0.6000000000000001 1.8040201005025125 0.021795515307686225
0.6000000000000001 1.814070351758794 0.020548956273596035
0.6000000000000001 1.8241206030150754 0.019379969485689756
0.6000000000000001 1.8341708542713568 0.018283356013352466
0.6000000000000001 1.8442211055276383 0.01725428670780677
0.6000000000000001 1.8542713567839195 0.016288274794885052
0.6000000000000001 1.864321608040201 0.015381150533232944
0.6000000000000001 1.8743718592964824 0.014529037785851889
0.6000000000000001 1.8844221105527639 0.013728332362919798
0.6000000000000001 1.8944723618090453 0.012975682003439848
0.6000000000000001 1.9045226130653266 0.012267967872422634
0.6000000000000001 1.914572864321608 0.01160228745899098
0.6000000000000001 1.9246231155778895 0.010975938769000276
0.6000000000000001 1.934673366834171 0.01038640571348888
0.6000000000000001 1.9447236180904524 0.009831344601524681
0.6000000000000001 1.9547738693467338 0.009308571652799719
0.6000000000000001 1.964824120603015 0.008816051451667655
0.6000000000000001 1.9748743718592965 0.0083518862702304
0.6000000000000001 1.984924623115578 0.007914306193583668
0.6000000000000001 1.9949748743718594 0.007501659985445972
0.6000000000000001 2.0050251256281406 0.007112406637142165
0.6000000000000001 2.0150753768844223 0.0067451075473134135
0.6000000000000001 2.0251256281407035 0.006398419283801001
0.6000000000000001 2.0351758793969847 0.006071086882921458
0.6000000000000001 2.0452261306532664 0.0057619376448374195
0.6000000000000001 2.0552763819095476 0.005469875386948173
0.6000000000000001 2.0653266331658293 0.005193875120198103
0.6000000000000001 2.0753768844221105 0.004932978115944824
0.6000000000000001 2.0854271356783918 0.004686287333559804
0.6000000000000001 2.0954773869346734 0.004452963181267714
0.6000000000000001 2.1055276381909547 0.004232219584881845
0.6000000000000001 2.1155778894472363 0.0040233203410742265
0.6000000000000001 2.1256281407035176 0.003825575733645373
0.6000000000000001 2.135678391959799 0.0036383393929395862
0.6000000000000001 2.1457286432160805 0.0034610053801004707
0.6000000000000001 2.1557788944723617 0.003293005479287291
0.6000000000000001 2.1658291457286434 0.0031338066822852216
0.6000000000000001 2.1758793969849246 0.0029829088511515636
0.6000000000000001 2.1859296482412063 0.0028398425456525314
0.6000000000000001 2.1959798994974875 0.0027041670032697824
0.6000000000000001 2.2060301507537687 0.002575468260498796
0.6000000000000001 2.2160804020100504 0.0024533574050299473
0.6000000000000001 2.2261306532663316 0.00233746894920247
0.6000000000000001 2.2361809045226133 0.0022274593158578848
0.6000000000000001 2.2462311557788945 0.0021230054283976254
0.6000000000000001 2.2562814070351758 0.0020238033974741927
0.6000000000000001 2.2663316582914574 0.001929567297320456
0.6000000000000001 2.2763819095477387 0.001840028025251913
0.6000000000000001 2.2864321608040203 0.0017549322383651426
0.6000000000000001 2.2964824120603016 0.0016740413619058796
0.6000000000000001 2.306532663316583 0.0015971306641950995
0.6000000000000001 2.3165829145728645 0.0015239883933841642
0.6000000000000001 2.3266331658291457 0.0014544149716628637
0.6000000000000001 2.3366834170854274 0.0013882222428695328
0.6000000000000001 2.3467336683417086 0.0013252327697527671
0.6000000000000001 2.35678391959799 0.0012652791774111914
0.6000000000000001 2.3668341708542715 0.001208203539693419
0.6000000000000001 2.3768844221105527 0.0011538568055764115
0.6000000000000001 2.3869346733668344 0.001102098262758339
0.6000000000000001 2.3969849246231156 0.0010527950359034218
0.6000000000000001 2.407035175879397 0.001005821617162108
0.6000000000000001 2.4170854271356785 9.610594267619036E-4
0.6000000000000001 2.4271356783919598 9.183964016229184E-4
0.6000000000000001 2.4371859296482414 8.777266100991183E-4
0.6000000000000001 2.4472361809045227 8.389498910820431E-4
0.6000000000000001 2.457286432160804 8.019715158294294E-4
0.6000000000000001 2.4673366834170856 7.667018709973919E-4
0.6000000000000001 2.477386934673367 7.330561614624057E-4
0.6000000000000001 2.4874371859296485 7.009541316189559E-4
0.6000000000000001 2.4974874371859297 6.703198039309461E-4
0.6000000000000001 2.507537688442211 6.410812336003979E-4
0.6000000000000001 2.5175879396984926 6.131702782961423E-4
0.6000000000000001 2.527638190954774 5.865223819585394E-4
0.6000000000000001 2.5376884422110555 5.610763717643283E-4
0.6000000000000001 2.5477386934673367 5.367742673987343E-4
0.6000000000000001 2.557788944723618 5.135611018404812E-4
0.6000000000000001 2.5678391959798996 4.913847529196425E-4
0.6000000000000001 2.577889447236181 4.7019578495860644E-4
0.6000000000000001 2.5879396984924625 4.499472998532523E-4
0.6000000000000001 2.5979899497487438 4.305947969948038E-4
0.6000000000000001 2.608040201005025 4.1209604147319514E-4
0.6000000000000001 2.6180904522613067 3.944109400402496E-4
0.6000000000000001 2.628140703517588 3.775014243458132E-4
0.6000000000000001 2.6381909547738696 3.61331340992343E-4
0.6000000000000001 2.648241206030151 3.458663479835809E-4
0.6000000000000001 2.658291457286432 3.3107381717093376E-4
0.6000000000000001 2.6683417085427137 3.1692274232724945E-4
0.6000000000000001 2.678391959798995 3.0338365250190456E-4
0.6000000000000001 2.6884422110552766 2.9042853033373864E-4
0.6000000000000001 2.698492462311558 2.7803073501932467E-4
0.6000000000000001 2.708542713567839 2.661649296537131E-4
0.6000000000000001 2.7185929648241207 2.548070126789678E-4
0.6000000000000001 2.728643216080402 2.4393405319285617E-4
0.6000000000000001 2.7386934673366836 2.3352422988587838E-4
0.6000000000000001 2.748743718592965 2.2355677338958759E-4
0.6000000000000001 2.758793969849246 2.1401191183297442E-4
0.6000000000000001 2.7688442211055277 2.0487081941648335E-4
0.6000000000000001 2.778894472361809 1.961155678252911E-4
0.6000000000000001 2.7889447236180906 1.8772908031461746E-4
0.6000000000000001 2.798994974874372 1.79695088310347E-4
0.6000000000000001 2.809045226130653 1.7199809037795038E-4
0.6000000000000001 2.819095477386935 1.6462331342186748E-4
0.6000000000000001 2.829145728643216 1.5755667598600013E-4
0.6000000000000001 2.8391959798994977 1.507847535339446E-4
0.6000000000000001 2.849246231155779 1.442947455950385E-4
0.6000000000000001 2.85929648241206 1.3807444466926372E-4
0.6000000000000001 2.869346733668342 1.3211220679055038E-4
0.6000000000000001 2.879396984924623 1.2639692365413308E-4
0.6000000000000001 2.8894472361809047 1.2091799621930953E-4
0.6000000000000001 2.899497487437186 1.1566530970428721E-4
0.6000000000000001 2.909547738693467 1.1062920989480401E-4
0.6000000000000001 2.919597989949749 1.0580048069289377E-4
0.6000000000000001 2.92964824120603 1.0117032283654372E-4
0.6000000000000001 2.9396984924623117 9.67303337251094E-5
0.6000000000000001 2.949748743718593 9.247248828919897E-5
0.6000000000000001 2.959798994974874 8.838912084734387E-5
0.6000000000000001 2.969849246231156 8.447290789517005E-5
0.6000000000000001 2.979899497487437 8.071685177594366E-5
0.6000000000000001 2.9899497487437188 7.71142651843533E-5
0.6000000000000001 3.0 7.365875645818428E-5
0.6000000000000001 3.0100502512562817 7.03442156151585E-5
0.6000000000000001 3.020100502512563 6.716480109467761E-5
0.6000000000000001 3.030150753768844 6.411492716652453E-5
0.6000000000000001 3.040201005025126 6.118925197074143E-5
0.6000000000000001 3.050251256281407 5.83826661549443E-5
0.6000000000000001 3.0603015075376887 5.5690282077256684E-5
0.6000000000000001 3.07035175879397 5.310742354484047E-5
0.6000000000000001 3.080402010050251 5.0629616059694096E-5
0.6000000000000001 3.090452261306533 4.825257754498762E-5
0.6000000000000001 3.100502512562814 4.597220952669615E-5
0.6000000000000001 3.1105527638190957 4.3784588746700534E-5
0.6000000000000001 3.120603015075377 4.168595918485721E-5
0.6000000000000001 3.130653266331658 3.9672724468775046E-5
0.6000000000000001 3.14070351758794 3.7741440651223074E-5
0.6000000000000001 3.150753768844221 3.588880933619033E-5
0.6000000000000001 3.1608040201005028 3.4111671135661395E-5
0.6000000000000001 3.170854271356784 3.240699944015554E-5
0.6000000000000001 3.180904522613065 3.0771894486994965E-5
0.6000000000000001 3.190954773869347 2.9203577711144763E-5
0.6000000000000001 3.201005025125628 2.7699386364281016E-5
0.6000000000000001 3.21105527638191 2.6256768388523166E-5
0.6000000000000001 3.221105527638191 2.4873277531989378E-5
0.6000000000000001 3.2311557788944723 2.3546568694027086E-5
0.6000000000000001 3.241206030150754 2.2274393488617012E-5
0.6000000000000001 3.251256281407035 2.105459601505879E-5
0.6000000000000001 3.261306532663317 1.9885108825629718E-5
0.6000000000000001 3.271356783919598 1.8763949080444832E-5
0.6000000000000001 3.2814070351758793 1.7689214880270356E-5
0.6000000000000001 3.291457286432161 1.665908176852124E-5
0.6000000000000001 3.301507537688442 1.5671799394134715E-5
0.6000000000000001 3.311557788944724 1.4725688327445598E-5
0.6000000000000001 3.321608040201005 1.3819137021599671E-5
0.6000000000000001 3.3316582914572863 1.2950598912423009E-5
0.6000000000000001 3.341708542713568 1.2118589650040175E-5
0.6000000000000001 3.351758793969849 1.1321684455867806E-5
0.6000000000000001 3.361809045226131 1.0558515598949308E-5
0.6000000000000001 3.371859296482412 9.827769985894827E-6
0.6000000000000001 3.3819095477386933 9.128186858990315E-6
0.6000000000000001 3.391959798994975 8.458555597312087E-6
0.6000000000000001 3.4020100502512562 7.817713615946307E-6
0.6000000000000001 3.412060301507538 7.20454435865957E-6
0.6000000000000001 3.422110552763819 6.617975379602818E-6
0.6000000000000001 3.4321608040201004 6.056976509849677E-6
0.6000000000000001 3.442211055276382 5.520558104784055E-6
0.6000000000000001 3.4522613065326633 5.007769368546968E-6
0.6000000000000001 3.462311557788945 4.517696751944007E-6
0.6000000000000001 3.472361809045226 4.049462420391368E-6
0.6000000000000001 3.4824120603015074 3.6022227886491932E-6
0.6000000000000001 3.492462311557789 3.175167119248408E-6
0.6000000000000001 3.5025125628140703 2.7675161816732602E-6
0.6000000000000001 3.512562814070352 2.3785209695014083E-6
0.6000000000000001 3.522613065326633 2.0074614728430077E-6
0.6000000000000001 3.5326633165829144 1.653645503549246E-6
0.6000000000000001 3.542713567839196 1.3164075707812006E-6
0.6000000000000001 3.5527638190954773 9.95107804650135E-7
0.6000000000000001 3.562814070351759 6.891309257474906E-7
0.6000000000000001 3.5728643216080402 3.9788525849014634E-7
0.6000000000000001 3.5829145728643215 1.2080178630456434E-7
0.6000000000000001 3.592964824120603 -1.426667532318629E-7
0.6000000000000001 3.6030150753768844 -3.9304673508298816E-7
0.6000000000000001 3.613065326633166 -6.308444769880927E-7
0.6000000000000001 3.6231155778894473 -8.565470348603961E-7
0.6000000000000001 3.6331658291457285 -1.0706229649024571E-6
0.6000000000000001 3.64321608040201 -1.2735230539121395E-6
0.6000000000000001 3.6532663316582914 -1.4656810191856248E-6
0.6000000000000001 3.663316582914573 -1.6475141793590494E-6
0.6000000000000001 3.6733668341708543 -1.8194240974655373E-6
0.6000000000000001 3.6834170854271355 -1.981797197427273E-6
0.6000000000000001 3.693467336683417 -2.135005355143323E-6
0.6000000000000001 3.7035175879396984 -2.2794064652820287E-6
0.6000000000000001 3.71356783919598 -2.4153449848340175E-6
0.6000000000000001 3.7236180904522613 -2.543152454434567E-6
0.6000000000000001 3.7336683417085426 -2.663147998417E-6
0.6000000000000001 3.7437185929648242 -2.775638804514358E-6
0.6000000000000001 3.7537688442211055 -2.880920584086134E-6
0.6000000000000001 3.763819095477387 -2.979278013704736E-6
0.6000000000000001 3.7738693467336684 -3.070985158901081E-6
0.6000000000000001 3.7839195979899496 -3.156305880829734E-6
0.6000000000000001 3.7939698492462313 -3.23549422658192E-6
0.6000000000000001 3.8040201005025125 -3.3087948038405026E-6
0.6000000000000001 3.814070351758794 -3.3764431405406363E-6
0.6000000000000001 3.8241206030150754 -3.438666030169347E-6
0.6000000000000001 3.8341708542713566 -3.4956818633097314E-6
0.6000000000000001 3.8442211055276383 -3.547700946008239E-6
0.6000000000000001 3.8542713567839195 -3.5949258055169726E-6
0.6000000000000001 3.864321608040201 -3.637551483939738E-6
0.6000000000000001 3.8743718592964824 -3.6757658202864934E-6
0.6000000000000001 3.884422110552764 -3.709749721418656E-6
0.6000000000000001 3.8944723618090453 -3.73967742234638E-6
0.6000000000000001 3.9045226130653266 -3.7657167363192094E-6
0.6000000000000001 3.9145728643216082 -3.788029295131423E-6
0.6000000000000001 3.9246231155778895 -3.8067707800455128E-6
0.6000000000000001 3.934673366834171 -3.822091143720072E-6
0.6000000000000001 3.9447236180904524 -3.834134823509972E-6
0.6000000000000001 3.9547738693467336 -3.843040946493053E-6
0.6000000000000001 3.9648241206030153 -3.848943526560289E-6
0.6000000000000001 3.9748743718592965 -3.8519716538931015E-6
0.6000000000000001 3.984924623115578 -3.8522496771369125E-6
0.6000000000000001 3.9949748743718594 -3.849897378566743E-6
0.6000000000000001 4.005025125628141 -3.845030142528923E-6
0.6000000000000001 4.015075376884422 -3.837759117429633E-6
0.6000000000000001 4.025125628140704 -3.82819137153003E-6
0.6000000000000001 4.035175879396985 -3.816430042797385E-6
0.6000000000000001 4.045226130653266 -3.802574483049058E-6
0.6000000000000001 4.055276381909548 -3.786720396619007E-6
0.6000000000000001 4.065326633165829 -3.768959973764172E-6
0.6000000000000001 4.075376884422111 -3.7493820190206186E-6
0.6000000000000001 4.085427135678392 -3.7280720747097417E-6
0.6000000000000001 4.0954773869346734 -3.7051125397867676E-6
0.6000000000000001 4.105527638190955 -3.680582784215721E-6
0.6000000000000001 4.115577889447236 -3.6545592590473053E-6
0.6000000000000001 4.125628140703518 -3.6271156023685906E-6
0.6000000000000001 4.135678391959799 -3.5983227412871003E-6
0.6000000000000001 4.1457286432160805 -3.568248990104126E-6
0.6000000000000001 4.155778894472362 -3.5369601448268596E-6
0.6000000000000001 4.165829145728643 -3.5045195741618105E-6
0.6000000000000001 4.175879396984925 -3.4709883071266064E-6
0.6000000000000001 4.185929648241206 -3.4364251174116294E-6
0.6000000000000001 4.1959798994974875 -3.4008866046175302E-6
0.6000000000000001 4.206030150753769 -3.3644272724893184E-6
0.6000000000000001 4.21608040201005 -3.3270996042632364E-6
0.6000000000000001 4.226130653266332 -3.2889541352376355E-6
0.6000000000000001 4.236180904522613 -3.250039522674268E-6
0.6000000000000001 4.2462311557788945 -3.210402613132935E-6
0.6000000000000001 4.256281407035176 -3.170088507337437E-6
0.6000000000000001 4.266331658291457 -3.12914062266737E-6
0.6000000000000001 4.276381909547739 -3.087600753366215E-6
0.6000000000000001 4.28643216080402 -3.04550912855264E-6
0.6000000000000001 4.296482412060302 -3.002904468118605E-6
0.6000000000000001 4.306532663316583 -2.959824036594382E-6
0.6000000000000001 4.316582914572864 -2.9163036950572754E-6
0.6000000000000001 4.326633165829146 -2.872377951158074E-6
0.6000000000000001 4.336683417085427 -2.82808000733625E-6
0.6000000000000001 4.346733668341709 -2.7834418072918486E-6
0.6000000000000001 4.35678391959799 -2.7384940807797208E-6
0.6000000000000001 4.366834170854271 -2.6932663867890137E-6
0.6000000000000001 4.376884422110553 -2.6477871551680907E-6
0.6000000000000001 4.386934673366834 -2.602083726753229E-6
0.6000000000000001 4.396984924623116 -2.556182392056696E-6
0.6000000000000001 4.407035175879397 -2.5101084285678936E-6
0.6000000000000001 4.417085427135678 -2.4638861367189886E-6
0.6000000000000001 4.42713567839196 -2.417538874564651E-6
0.6000000000000001 4.437185929648241 -2.3710890912234206E-6
0.6000000000000001 4.447236180904523 -2.3245583591264654E-6
0.6000000000000001 4.457286432160804 -2.2779674051177192E-6
0.6000000000000001 4.467336683417085 -2.231336140447731E-6
0.6000000000000001 4.477386934673367 -2.1846836897017E-6
0.6000000000000001 4.4874371859296485 -2.1380284187010833E-6
0.6000000000000001 4.49748743718593 -2.0913879614161133E-6
0.6000000000000001 4.507537688442211 -2.04477924592552E-6
0.6000000000000001 4.517587939698492 -1.9982185194582115E-6
0.6000000000000001 4.527638190954774 -1.9517213725503193E-6
0.6000000000000001 4.5376884422110555 -1.9053027623498245E-6
0.6000000000000001 4.547738693467337 -1.8589770350998196E-6
0.6000000000000001 4.557788944723618 -1.8127579478299507E-6
0.6000000000000001 4.567839195979899 -1.7666586892849782E-6
0.6000000000000001 4.577889447236181 -1.7206919001177733E-6
0.6000000000000001 4.5879396984924625 -1.6748696923736046E-6
0.6000000000000001 4.597989949748744 -1.6292036682908446E-6
0.6000000000000001 4.608040201005025 -1.583704938443075E-6
0.6000000000000001 4.618090452261306 -1.5383841392460585E-6
0.6000000000000001 4.628140703517588 -1.4932514498522601E-6
0.6000000000000001 4.63819095477387 -1.4483166084551382E-6
0.6000000000000001 4.648241206030151 -1.4035889280240406E-6
0.6000000000000001 4.658291457286432 -1.3590773114901464E-6
0.6000000000000001 4.668341708542713 -1.3147902664029892E-6
0.6000000000000001 4.678391959798995 -1.2707359190765183E-6
0.6000000000000001 4.688442211055277 -1.226922028242669E-6
0.6000000000000001 4.698492462311558 -1.183355998230046E-6
0.6000000000000001 4.708542713567839 -1.1400448916845123E-6
0.6000000000000001 4.71859296482412 -1.0969954418479314E-6
0.6000000000000001 4.728643216080402 -1.054214064410619E-6
0.6000000000000001 4.738693467336684 -1.0117068689526308E-6
0.6000000000000001 4.748743718592965 -9.694796699883033E-7
0.6000000000000001 4.758793969849246 -9.275379976280882E-7
0.6000000000000001 4.768844221105527 -8.858871078710719E-7
0.6000000000000001 4.778894472361809 -8.445319925412144E-7
0.6000000000000001 4.788944723618091 -8.034773888797417E-7
0.6000000000000001 4.798994974874372 -7.627277888057739E-7
0.6000000000000001 4.809045226130653 -7.222874478567736E-7
0.6000000000000001 4.819095477386934 -6.821603938200234E-7
0.6000000000000001 4.8291457286432165 -6.423504350658897E-7
0.6000000000000001 4.839195979899498 -6.028611685932826E-7
0.6000000000000001 4.849246231155779 -5.636959877973343E-7
0.6000000000000001 4.85929648241206 -5.248580899689284E-7
0.6000000000000001 4.869346733668341 -4.863504835354491E-7
0.6000000000000001 4.8793969849246235 -4.481759950516517E-7
0.6000000000000001 4.889447236180905 -4.1033727594938324E-7
0.6000000000000001 4.899497487437186 -3.7283680905446513E-7
0.6000000000000001 4.909547738693467 -3.356769148787983E-7
0.6000000000000001 4.919597989949748 -2.988597576954465E-7
0.6000000000000001 4.9296482412060305 -2.62387351404206E-7
0.6000000000000001 4.939698492462312 -2.2626156519487018E-7
0.6000000000000001 4.949748743718593 -1.904841290151431E-7
0.6000000000000001 4.959798994974874 -1.550566388499576E-7
0.6000000000000001 4.969849246231155 -1.1998056181864402E-7
0.6000000000000001 4.9798994974874375 -8.525724109622862E-8
0.6000000000000001 4.989949748743719 -5.088790066488037E-8
0.6000000000000001 5.0 -1.6873649901332994E-8
0.6000000000000001 5.010050251256281 1.6784511994099838E-8

0.40000000000000013 -0.005025125628140704 -0.0037544505285368175
0.40000000000000013 0.005025125628140704 0.0037544505285368175
0.40000000000000013 0.01507537688442211 0.006806787793590196
0.40000000000000013 0.02512562814070352 0.009143079781414987
0.40000000000000013 0.035175879396984924 0.011226800631795396
0.40000000000000013 0.04522613065326633 0.013191254917560156
0.40000000000000013 0.05527638190954774 0.015097843741975718
0.40000000000000013 0.06532663316582915 0.016981601185300243
0.40000000000000013 0.07537688442211056 0.018865383267103505
0.40000000000000013 0.08542713567839195 0.02076561261398199
0.40000000000000013 0.09547738693467336 0.022695008386420672
0.40000000000000013 0.10552763819095477 0.02466403566578194
0.40000000000000013 0.11557788944723618 0.026681741455319825
0.40000000000000013 0.12562814070351758 0.028756269605109325
0.40000000000000013 0.135678391959799 0.030895195797302964
0.40000000000000013 0.1457286432160804 0.0331057561002575
0.40000000000000013 0.15577889447236182 0.03539500978648312
0.40000000000000013 0.1658291457286432 0.03776996010814347
0.40000000000000013 0.17587939698492464 0.04023764742410685
0.40000000000000013 0.18592964824120603 0.04280522374767677
0.40000000000000013 0.19597989949748745 0.04548001461360154
0.40000000000000013 0.20603015075376885 0.04826957221001927
0.40000000000000013 0.21608040201005024 0.0511817224815791
0.40000000000000013 0.22613065326633167 0.05422460810211837
0.40000000000000013 0.23618090452261306 0.0574067286757196
0.40000000000000013 0.24623115577889448 0.060736979156277
0.40000000000000013 0.2562814070351759 0.06422468721807896
0.40000000000000013 0.2663316582914573 0.06787965012573233
0.40000000000000013 0.2763819095477387 0.07171217151676151
0.40000000000000013 0.2864321608040201 0.07573309840842259
0.40000000000000013 0.2964824120603015 0.07995385866088332
0.40000000000000013 0.3065326633165829 0.08438649906446767
0.40000000000000013 0.3165829145728643 0.08904372416385599
0.40000000000000013 0.32663316582914576 0.09393893588306808
0.40000000000000013 0.33668341708542715 0.0990862739687973
0.40000000000000013 0.34673366834170855 0.10450065722385773
0.40000000000000013 0.35678391959798994 0.11019782545521697
0.40000000000000013 0.36683417085427134 0.1161943820106093
0.40000000000000013 0.3768844221105528 0.12250783672250756
0.40000000000000013 0.3869346733668342 0.12915664901679907
0.40000000000000013 0.3969849246231156 0.1361602708743739
0.40000000000000013 0.40703517587939697 0.14353918925552553
0.40000000000000013 0.4170854271356784 0.15131496750803153
0.40000000000000013 0.4271356783919598 0.1595102851784183
0.40000000000000013 0.4371859296482412 0.16814897553055613
0.40000000000000013 0.4472361809045226 0.17725605994461344
0.40000000000000013 0.457286432160804 0.18685777822071775
0.40000000000000013 0.46733668341708545 0.19698161364358385
0.40000000000000013 0.47738693467336685 0.2076563114750029
0.40000000000000013 0.48743718592964824 0.21891188932867575
0.40000000000000013 0.49748743718592964 0.23077963764472287
0.40000000000000013 0.507537688442211 0.24329210821789635
0.40000000000000013 0.5175879396984925 0.256483088442959
0.40000000000000013 0.5276381909547738 0.2703875586223805
0.40000000000000013 0.5376884422110553 0.28504162933560007
0.40000000000000013 0.5477386934673367 0.30048245549688035
0.40000000000000013 0.5577889447236181 0.31674812333280294
0.40000000000000013 0.5678391959798995 0.33387750609502165
0.40000000000000013 0.577889447236181 0.3519100838955922
0.40000000000000013 0.5879396984924623 0.37088572262026204
0.40000000000000013 0.5979899497487438 0.3908444064522875
0.40000000000000013 0.6080402010050251 0.4118259181424241
0.40000000000000013 0.6180904522613065 0.4338694608113925
0.40000000000000013 0.628140703517588 0.45701321479675383
0.40000000000000013 0.6381909547738693 0.4812938228906383
0.40000000000000013 0.6482412060301508 0.5067457972993843
0.40000000000000013 0.6582914572864321 0.5334008418400936
0.40000000000000013 0.6683417085427136 0.5612870833299722
0.40000000000000013 0.678391959798995 0.5904282068882176
0.40000000000000013 0.6884422110552764 0.6208424910313829
0.40000000000000013 0.6984924623115578 0.6525417400824955
0.40000000000000013 0.7085427135678392 0.6855301136178602
0.40000000000000013 0.7185929648241206 0.7198028555306479
0.40000000000000013 0.7286432160804021 0.7553449288814696
0.40000000000000013 0.7386934673366834 0.7921295671081235
0.40000000000000013 0.7487437185929648 0.8301167574367082
0.40000000000000013 0.7587939698492463 0.8692516785045322
0.40000000000000013 0.7688442211055276 0.9094631212619847
0.40000000000000013 0.7788944723618091 0.9506619301036148
0.40000000000000013 0.7889447236180904 0.9927395097575992
0.40000000000000013 0.7989949748743719 1.0355664525221953
0.40000000000000013 0.8090452261306533 1.0789913496593992
0.40000000000000013 0.8190954773869347 1.122839859698041
0.40000000000000013 0.8291457286432161 1.166914114472744
0.40000000000000013 0.8391959798994975 1.210992550169402
0.40000000000000013 0.8492462311557789 1.2548302544924705
0.40000000000000013 0.8592964824120604 1.2981599210998693
0.40000000000000013 0.8693467336683417 1.3406934971676945
0.40000000000000013 0.8793969849246231 1.38212459754141
0.40000000000000013 0.8894472361809045 1.4221317373093871
0.40000000000000013 0.8994974874371859 1.4603824015574107
0.40000000000000013 0.9095477386934674 1.4965379244993537
0.40000000000000013 0.9195979899497487 1.5302590890662833
0.40000000000000013 0.9296482412060302 1.561212283675861
0.40000000000000013 0.9396984924623115 1.5890759713335014
0.40000000000000013 0.949748743718593 1.6135471519439966
0.40000000000000013 0.9597989949748744 1.6343474602278905
0.40000000000000013 0.9698492462311558 1.6512285890607297
0.40000000000000013 0.9798994974874372 1.663976943084553
0.40000000000000013 0.9899497487437187 1.6724179354549604
0.40000000000000013 1.0 1.6764213242111135
0.40000000000000013 1.0100502512562815 1.675910697643221
0.40000000000000013 1.020100502512563 1.6708829968518064
0.40000000000000013 1.0301507537688441 1.6613919616430646
0.40000000000000013 1.0402010050251256 1.647541306404774
0.40000000000000013 1.050251256281407 1.62948172541524
0.40000000000000013 1.0603015075376885 1.6074085345687716
0.40000000000000013 1.07035175879397 1.5815584609121052
0.40000000000000013 1.0804020100502514 1.5522051024412502
0.40000000000000013 1.0904522613065326 1.519653131524845
0.40000000000000013 1.100502512562814 1.484231574932069
0.40000000000000013 1.1105527638190955 1.446286588954748
0.40000000000000013 1.120603015075377 1.4061741372699053
0.40000000000000013 1.1306532663316584 1.3642529210292456
0.40000000000000013 1.1407035175879396 1.3208778343865384
0.40000000000000013 1.150753768844221 1.2763941405027277
0.40000000000000013 1.1608040201005025 1.2311324912128392
0.40000000000000013 1.170854271356784 1.1854048515765045
0.40000000000000013 1.1809045226130654 1.1395013395445608
0.40000000000000013 1.1909547738693467 1.0936879507872732
0.40000000000000013 1.2010050251256281 1.0482051085938826
0.40000000000000013 1.2110552763819096 1.0032669576587545
0.40000000000000013 1.221105527638191 0.9590613073922573
0.40000000000000013 1.2311557788944725 0.9157501239575905
0.40000000000000013 1.2412060301507537 0.8734704693462332
0.40000000000000013 1.2512562814070352 0.8323357892912238
0.40000000000000013 1.2613065326633166 0.7924374585617135
0.40000000000000013 1.271356783919598 0.7538465011580486
0.40000000000000013 1.2814070351758795 0.7166154132295268
0.40000000000000013 1.2914572864321607 0.6807800274044933
0.40000000000000013 1.3015075376884422 0.6463613680431606
0.40000000000000013 1.3115577889447236 0.6133674572356194
0.40000000000000013 1.321608040201005 0.581795040847592
0.40000000000000013 1.3316582914572865 0.5516312123632274
0.40000000000000013 1.3417085427135678 0.5228549195876614
0.40000000000000013 1.3517587939698492 0.4954383454321623
0.40000000000000013 1.3618090452261307 0.46934815905088745
0.40000000000000013 1.3718592964824121 0.4445466376108822
0.40000000000000013 1.3819095477386936 0.4209926620616369
0.40000000000000013 1.3919597989949748 0.3986425925454422
0.40000000000000013 1.4020100502512562 0.3774510306762652
0.40000000000000013 1.4120603015075377 0.3573714769304829
0.40000000000000013 1.4221105527638191 0.338356891946457
0.40000000000000013 1.4321608040201006 0.32036017071972306
0.40000000000000013 1.4422110552763818 0.3033345385918326
0.40000000000000013 1.4522613065326633 0.2872338776365931
0.40000000000000013 1.4623115577889447 0.2720129916081724
0.40000000000000013 1.4723618090452262 0.2576278170807187
0.40000000000000013 1.4824120603015076 0.24403558781823276
0.40000000000000013 1.4924623115577889 0.23119495879698784
0.40000000000000013 1.5025125628140703 0.21906609568418384
0.40000000000000013 1.5125628140703518 0.20761073497275662
0.40000000000000013 1.5226130653266332 0.1967922193954195
0.40000000000000013 1.5326633165829147 0.1865755126990954
0.40000000000000013 1.542713567839196 0.17692719735873846
0.40000000000000013 1.5527638190954773 0.16781545834955408
0.40000000000000013 1.5628140703517588 0.1592100556793715
0.40000000000000013 1.5728643216080402 0.15108228800764895
0.40000000000000013 1.5829145728643217 0.1434049493425864
0.40000000000000013 1.5929648241206031 0.13615228051080064
0.40000000000000013 1.6030150753768844 0.12929991683223457
0.40000000000000013 1.6130653266331658 0.12282483320358144
0.40000000000000013 1.6231155778894473 0.1167052875935378
0.40000000000000013 1.6331658291457287 0.11092076377973392
0.40000000000000013 1.6432160804020102 0.10545191400747711
0.40000000000000013 1.6532663316582914 0.10028050212179372
0.40000000000000013 1.6633165829145728 0.09538934761425502
0.40000000000000013 1.6733668341708543 0.09076227093245473
0.40000000000000013 1.6834170854271358 0.08638404032071392
0.40000000000000013 1.6934673366834172 0.08224032039379212
0.40000000000000013 1.7035175879396984 0.07831762258940794
0.40000000000000013 1.7135678391959799 0.07460325759876037
0.40000000000000013 1.7236180904522613 0.0710852898356758
0.40000000000000013 1.7336683417085428 0.0677524939733495
0.40000000000000013 1.7437185929648242 0.06459431355188687
0.40000000000000013 1.7537688442211055 0.06160082163910754
0.40000000000000013 1.763819095477387 0.05876268351058592
0.40000000000000013 1.7738693467336684 0.05607112130200213
0.40000000000000013 1.7839195979899498 0.05351788057699465
0.40000000000000013 1.7939698492462313 0.05109519874635262
0.40000000000000013 1.8040201005025125 0.048795775269126124
0.40000000000000013 1.814070351758794 0.04661274356271663
0.40000000000000013 1.8241206030150754 0.044539644546922455
0.40000000000000013 1.8341708542713568 0.042570401745989396
0.40000000000000013 1.8442211055276383 0.040699297872737406
0.40000000000000013 1.8542713567839195 0.03892095281960947
0.40000000000000013 1.864321608040201 0.0372303029828545
0.40000000000000013 1.8743718592964824 0.035622581847890425
0.40000000000000013 1.8844221105527639 0.034093301766070616
0.40000000000000013 1.8944723618090453 0.03263823685551811
0.40000000000000013 1.9045226130653266 0.0312534069613086
0.40000000000000013 1.914572864321608 0.02993506261302054
0.40000000000000013 1.9246231155778895 0.028679670920473938
0.40000000000000013 1.934673366834171 0.02748390235130245
0.40000000000000013 1.9447236180904524 0.02634461833682435
0.40000000000000013 1.9547738693467338 0.025258859655454075
0.40000000000000013 1.964824120603015 0.024223835545621446
0.40000000000000013 1.9748743718592965 0.02323691350281338
0.40000000000000013 1.984924623115578 0.022295609717918177
0.40000000000000013 1.9949748743718594 0.021397580116520116
0.40000000000000013 2.0050251256281406 0.020540611961163583
0.40000000000000013 2.0150753768844223 0.019722615980869808
0.40000000000000013 2.0251256281407035 0.018941618994349627
0.40000000000000013 2.0351758793969847 0.01819575699540961
0.40000000000000013 2.0452261306532664 0.017483268670995783
0.40000000000000013 2.0552763819095476 0.016802489324165244
0.40000000000000013 2.0653266331658293 0.016151845176017497
0.40000000000000013 2.0753768844221105 0.01552984802226397
0.40000000000000013 2.0854271356783918 0.014935090221662716
0.40000000000000013 2.0954773869346734 0.014366239995005303
0.40000000000000013 2.1055276381909547 0.013822037014714164
0.40000000000000013 2.1155778894472363 0.013301288266396712
0.40000000000000013 2.1256281407035176 0.012802864164912015
0.40000000000000013 2.135678391959799 0.012325694908638858
0.40000000000000013 2.1457286432160805 0.011868767056696927
0.40000000000000013 2.1557788944723617 0.011431120314867455
0.40000000000000013 2.1658291457286434 0.011011844516890915
0.40000000000000013 2.1758793969849246 0.010610076788690886
0.40000000000000013 2.1859296482412063 0.010224998883887665
0.40000000000000013 2.1959798994974875 0.009855834679727208
0.40000000000000013 2.2060301507537687 0.009501847823262827
0.40000000000000013 2.2160804020100504 0.009162339518292196
0.40000000000000013 2.2261306532663316 0.008836646444173632
0.40000000000000013 2.2361809045226133 0.00852413879822567
0.40000000000000013 2.2462311557788945 0.008224218453956211
0.40000000000000013 2.2562814070351758 0.007936317227872986
0.40000000000000013 2.2663316582914574 0.007659895248099775
0.40000000000000013 2.2763819095477387 0.007394439418463262
0.40000000000000013 2.2864321608040203 0.007139461972127419
0.40000000000000013 2.2964824120603016 0.006894499109236032
0.40000000000000013 2.306532663316583 0.00665910971338291
0.40000000000000013 2.3165829145728645 0.0064328741420634685
0.40000000000000013 2.3266331658291457 0.006215393086574486
0.40000000000000013 2.3366834170854274 0.006006286497119547
0.40000000000000013 2.3467336683417086 0.005805192569150813
0.40000000000000013 2.35678391959799 0.005611766787231042
0.40000000000000013 2.3668341708542715 0.005425681022937711
0.40000000000000013 2.3768844221105527 0.0052466226835521605
0.40000000000000013 2.3869346733668344 0.005074293908483777
0.40000000000000013 2.3969849246231156 0.004908410810572429
0.40000000000000013 2.407035175879397 0.004748702759592684
0.40000000000000013 2.4170854271356785 0.004594911705452047
0.40000000000000013 2.4271356783919598 0.004446791538732883
0.40000000000000013 2.4371859296482414 0.004304107486374831
0.40000000000000013 2.4472361809045227 0.004166635540432086
0.40000000000000013 2.457286432160804 0.004034161917968425
0.40000000000000013 2.4673366834170856 0.003906482550273034
0.40000000000000013 2.477386934673367 0.003783402599692648
0.40000000000000013 2.4874371859296485 0.00366473600248028
0.40000000000000013 2.4974874371859297 0.003550305036159526
0.40000000000000013 2.507537688442211 0.003439939909994974
0.40000000000000013 2.5175879396984926 0.0033334783772454714
0.40000000000000013 2.527638190954774 0.0032307653679575104
0.40000000000000013 2.5376884422110555 0.003131652641131123
0.40000000000000013 2.5477386934673367 0.003035998455161543
0.40000000000000013 2.557788944723618 0.0029436672555255955
0.40000000000000013 2.5678391959798996 0.002854529378743971
0.40000000000000013 2.577889447236181 0.002768460771708135
0.40000000000000013 2.5879396984924625 0.0026853427255152137
0.40000000000000013 2.5979899497487438 0.002605061623004946
0.40000000000000013 2.608040201005025 0.0025275086992403986
0.40000000000000013 2.6180904522613067 0.002452579814219009
0.40000000000000013 2.628140703517588 0.002380175237142355
0.40000000000000013 2.6381909547738696 0.002310199441612351
0.40000000000000013 2.648241206030151 0.0022425609111585104
0.40000000000000013 2.658291457286432 0.002177171954535464
0.40000000000000013 2.6683417085427137 0.00211394853026248
0.40000000000000013 2.678391959798995 0.0020528100799071408
0.40000000000000013 2.6884422110552766 0.0019936793696439833
0.40000000000000013 2.698492462311558 0.0019364823396458269
0.40000000000000013 2.708542713567839 0.0018811479608907273
0.40000000000000013 2.7185929648241207 0.0018276080989912064
0.40000000000000013 2.728643216080402 0.001775797384674739
0.40000000000000013 2.7386934673366836 0.0017256530905654065
0.40000000000000013 2.748743718592965 0.0016771150139363211
0.40000000000000013 2.758793969849246 0.001630125365120947
0.40000000000000013 2.7688442211055277 0.0015846286612888974
0.40000000000000013 2.778894472361809 0.0015405716253081138
0.40000000000000013 2.7889447236180906 0.0014979030894307923
0.40000000000000013 2.798994974874372 0.0014565739035549495
0.40000000000000013 2.809045226130653 0.0014165368478271127
0.40000000000000013 2.819095477386935 0.0013777465493645545
0.40000000000000013 2.829145728643216 0.0013401594028875628
0.40000000000000013 2.8391959798994977 0.001303733495063632
0.40000000000000013 2.849246231155779 0.0012684285323762462
0.40000000000000013 2.85929648241206 0.001234205772341036
0.40000000000000013 2.869346733668342 0.001201027957901599
0.40000000000000013 2.879396984924623 0.0011688592548463582
0.40000000000000013 2.8894472361809047 0.0011376651920962074
0.40000000000000013 2.899497487437186 0.0011074126047207942
0.40000000000000013 2.909547738693467 0.0010780695795487717
0.40000000000000013 2.919597989949749 0.0010496054032445054
0.40000000000000013 2.92964824120603 0.0010219905127304147
0.40000000000000013 2.9396984924623117 9.951964478405277E-4
0.40000000000000013 2.949748743718593 9.691958060967264E-4
0.40000000000000013 2.959798994974874 9.439621995049156E-4
0.40000000000000013 2.969849246231156 9.194702132735923E-4
0.40000000000000013 2.979899497487437 8.956953663624377E-4
0.40000000000000013 2.9899497487437188 8.726140737732137E-4
0.40000000000000013 3.0 8.502036104998598E-4
0.40000000000000013 3.0100502512562817 8.284420770588363E-4
0.40000000000000013 3.020100502512563 8.073083665248925E-4
0.40000000000000013 3.030150753768844 7.867821330011565E-4
0.40000000000000013 3.040201005025126 7.668437614560895E-4
0.40000000000000013 3.050251256281407 7.474743388632581E-4
0.40000000000000013 3.0603015075376887 7.286556265830669E-4
0.40000000000000013 3.07035175879397 7.103700339286715E-4
0.40000000000000013 3.080402010050251 6.926005928611837E-4
0.40000000000000013 3.090452261306533 6.753309337619736E-4
0.40000000000000013 3.100502512562814 6.585452622325127E-4
0.40000000000000013 3.1105527638190957 6.422283368746175E-4
0.40000000000000013 3.120603015075377 6.263654480062805E-4
0.40000000000000013 3.130653266331658 6.109423972704959E-4
0.40000000000000013 3.14070351758794 5.959454780965322E-4
0.40000000000000013 3.150753768844221 5.813614569751277E-4
0.40000000000000013 3.1608040201005028 5.671775555109096E-4
0.40000000000000013 3.170854271356784 5.533814332171538E-4
0.40000000000000013 3.180904522613065 5.399611710196566E-4
0.40000000000000013 3.190954773869347 5.269052554381016E-4
0.40000000000000013 3.201005025125628 5.142025634148188E-4
0.40000000000000013 3.21105527638191 5.018423477622643E-4
0.40000000000000013 3.221105527638191 4.898142232019191E-4
0.40000000000000013 3.2311557788944723 4.7810815296860066E-4
0.40000000000000013 3.241206030150754 4.6671443595540027E-4
0.40000000000000013 3.251256281407035 4.5562369437564514E-4
0.40000000000000013 3.261306532663317 4.4482686191937273E-4
0.40000000000000013 3.271356783919598 4.3431517238286656E-4
0.40000000000000013 3.2814070351758793 4.240801487508122E-4
0.40000000000000013 3.291457286432161 4.1411359271156226E-4
0.40000000000000013 3.301507537688442 4.044075745869175E-4
0.40000000000000013 3.311557788944724 3.94954423658691E-4
0.40000000000000013 3.321608040201005 3.8574671887512454E-4
0.40000000000000013 3.3316582914572863 3.7677727992101466E-4
0.40000000000000013 3.341708542713568 3.6803915863614113E-4
0.40000000000000013 3.351758793969849 3.595256307672961E-4
0.40000000000000013 3.361809045226131 3.5123018803985746E-4
0.40000000000000013 3.371859296482412 3.431465305355296E-4
0.40000000000000013 3.3819095477386933 3.352685593634299E-4
0.40000000000000013 3.391959798994975 3.275903696123078E-4
0.40000000000000013 3.4020100502512562 3.2010624357222686E-4
0.40000000000000013 3.412060301507538 3.1281064421454034E-4
0.40000000000000013 3.422110552763819 3.0569820891951697E-4
0.40000000000000013 3.4321608040201004 2.987637434414275E-4
0.40000000000000013 3.442211055276382 2.920022161013561E-4
0.40000000000000013 3.4522613065326633 2.8540875219843604E-4
0.40000000000000013 3.462311557788945 2.7897862863061104E-4
0.40000000000000013 3.472361809045226 2.727072687164198E-4
0.40000000000000013 3.4824120603015074 2.665902372096638E-4
0.40000000000000013 3.492462311557789 2.606232354991859E-4
0.40000000000000013 3.5025125628140703 2.548020969863089E-4
0.40000000000000013 3.512562814070352 2.491227826328207E-4
0.40000000000000013 3.522613065326633 2.4358137667268717E-4
0.40000000000000013 3.5326633165829144 2.3817408248097448E-4
0.40000000000000013 3.542713567839196 2.3289721859373944E-4
0.40000000000000013 3.5527638190954773 2.2774721487291583E-4
0.40000000000000013 3.562814070351759 2.2272060881046914E-4
0.40000000000000013 3.5728643216080402 2.1781404196634922E-4
0.40000000000000013 3.5829145728643215 2.1302425653499672E-4
0.40000000000000013 3.592964824120603 2.0834809203536925E-4
0.40000000000000013 3.6030150753768844 2.0378248211968457E-4
0.40000000000000013 3.613065326633166 1.9932445149626812E-4
0.40000000000000013 3.6231155778894473 1.94971112962078E-4
0.40000000000000013 3.6331658291457285 1.9071966454068463E-4
0.40000000000000013 3.64321608040201 1.865673867216417E-4
0.40000000000000013 3.6532663316582914 1.8251163979735588E-4
0.40000000000000013 3.663316582914573 1.7854986129372911E-4
0.40000000000000013 3.6733668341708543 1.7467956349099655E-4
0.40000000000000013 3.6834170854271355 1.7089833103133212E-4
0.40000000000000013 3.693467336683417 1.6720381860993124E-4
0.40000000000000013 3.7035175879396984 1.6359374874641417E-4
0.40000000000000013 3.71356783919598 1.6006590963352918E-4
0.40000000000000013 3.7236180904522613 1.5661815306024674E-4
0.40000000000000013 3.7336683417085426 1.5324839240646066E-4
0.40000000000000013 3.7437185929648242 1.4995460070662273E-4
0.40000000000000013 3.7537688442211055 1.467348087797435E-4
0.40000000000000013 3.763819095477387 1.435871034232942E-4
0.40000000000000013 3.7738693467336684 1.4050962566865028E-4
0.40000000000000013 3.7839195979899496 1.3750056909579713E-4
0.40000000000000013 3.7939698492462313 1.3455817820512566E-4
0.40000000000000013 3.8040201005025125 1.3168074684421764E-4
0.40000000000000013 3.814070351758794 1.288666166876123E-4
0.40000000000000013 3.8241206030150754 1.2611417576762122E-4
0.40000000000000013 3.8341708542713566 1.2342185705433272E-4
0.40000000000000013 3.8442211055276383 1.2078813708302533E-4
0.40000000000000013 3.8542713567839195 1.1821153462727608E-4
0.40000000000000013 3.864321608040201 1.1569060941611157E-4
0.40000000000000013 3.8743718592964824 1.1322396089362351E-4
0.40000000000000013 3.884422110552764 1.1081022701952531E-4
0.40000000000000013 3.8944723618090453 1.0844808310918184E-4
0.40000000000000013 3.9045226130653266 1.0613624071171421E-4
0.40000000000000013 3.9145728643216082 1.0387344652481638E-4
0.40000000000000013 3.9246231155778895 1.0165848134498988E-4
0.40000000000000013 3.934673366834171 9.949015905193941E-5
0.40000000000000013 3.9447236180904524 9.736732562593152E-5
0.40000000000000013 3.9547738693467336 9.528885819694988E-5
0.40000000000000013 3.9648241206030153 9.325366412454093E-5
0.40000000000000013 3.9748743718592965 9.12606801072706E-5
0.40000000000000013 3.984924623115578 8.930887132076423E-5
0.40000000000000013 3.9949748743718594 8.73972305833351E-5
0.40000000000000013 4.005025125628141 8.552477754824412E-5
0.40000000000000013 4.015075376884422 8.369055792167217E-5
0.40000000000000013 4.025125628140704 8.189364270551694E-5
0.40000000000000013 4.035175879396985 8.013312746416216E-5
0.40000000000000013 4.045226130653266 7.840813161439654E-5
0.40000000000000013 4.055276381909548 7.671779773769198E-5
0.40000000000000013 4.065326633165829 7.506129091407751E-5
0.40000000000000013 4.075376884422111 7.343779807687516E-5
0.40000000000000013 4.085427135678392 7.184652738759074E-5
0.40000000000000013 4.0954773869346734 7.028670763027691E-5
0.40000000000000013 4.105527638190955 6.87575876247122E-5
0.40000000000000013 4.115577889447236 6.725843565776378E-5
0.40000000000000013 4.125628140703518 6.57885389323223E-5
0.40000000000000013 4.135678391959799 6.434720303322226E-5
0.40000000000000013 4.1457286432160805 6.293375140958003E-5
0.40000000000000013 4.155778894472362 6.154752487300442E-5
0.40000000000000013 4.165829145728643 6.0187881111150674E-5
0.40000000000000013 4.175879396984925 5.885419421611245E-5
0.40000000000000013 4.185929648241206 5.754585422716019E-5
0.40000000000000013 4.1959798994974875 5.626226668735369E-5
0.40000000000000013 4.206030150753769 5.500285221357297E-5
0.40000000000000013 4.21608040201005 5.3767046079528867E-5
0.40000000000000013 4.226130653266332 5.2554297811327504E-5
0.40000000000000013 4.236180904522613 5.136407079518072E-5
0.40000000000000013 4.2462311557788945 5.019584189686718E-5
0.40000000000000013 4.256281407035176 4.9049101092563056E-5
0.40000000000000013 4.266331658291457 4.7923351110674763E-5
0.40000000000000013 4.276381909547739 4.681810708431868E-5
0.40000000000000013 4.28643216080402 4.57328962141049E-5
0.40000000000000013 4.296482412060302 4.4667257440895314E-5
0.40000000000000013 4.306532663316583 4.3620741128215485E-5
0.40000000000000013 4.316582914572864 4.259290875401323E-5
0.40000000000000013 4.326633165829146 4.15833326114646E-5
0.40000000000000013 4.336683417085427 4.059159551854194E-5
0.40000000000000013 4.346733668341709 3.96172905360642E-5
0.40000000000000013 4.35678391959799 3.8660020693962615E-5
0.40000000000000013 4.366834170854271 3.771939872550293E-5
0.40000000000000013 4.376884422110553 3.6795046809212244E-5
0.40000000000000013 4.386934673366834 3.588659631827094E-5
0.40000000000000013 4.396984924623116 3.4993687577133964E-5
0.40000000000000013 4.407035175879397 3.411596962515764E-5
0.40000000000000013 4.417085427135678 3.3253099987011985E-5
0.40000000000000013 4.42713567839196 3.2404744449669245E-5
0.40000000000000013 4.437185929648241 3.157057684576385E-5
0.40000000000000013 4.447236180904523 3.075027884312724E-5
0.40000000000000013 4.457286432160804 2.9943539740307415E-5
0.40000000000000013 4.467336683417085 2.915005626788772E-5
0.40000000000000013 4.477386934673367 2.8369532395429153E-5
0.40000000000000013 4.4874371859296485 2.7601679143861668E-5
0.40000000000000013 4.49748743718593 2.6846214403159513E-5
0.40000000000000013 4.507537688442211 2.610286275513923E-5
0.40000000000000013 4.517587939698492 2.537135530122449E-5
0.40000000000000013 4.527638190954774 2.4651429495027154E-5
0.40000000000000013 4.5376884422110555 2.3942828979598978E-5
0.40000000000000013 4.547738693467337 2.3245303429212764E-5
0.40000000000000013 4.557788944723618 2.2558608395537037E-5
0.40000000000000013 4.567839195979899 2.188250515807211E-5
0.40000000000000013 4.577889447236181 2.1216760578719073E-5
0.40000000000000013 4.5879396984924625 2.0561146960359614E-5
0.40000000000000013 4.597989949748744 1.991544190932573E-5
0.40000000000000013 4.608040201005025 1.9279428201644298E-5
0.40000000000000013 4.618090452261306 1.865289365294442E-5
0.40000000000000013 4.628140703517588 1.803563099191849E-5
0.40000000000000013 4.63819095477387 1.742743773723283E-5
0.40000000000000013 4.648241206030151 1.6828116077785366E-5
0.40000000000000013 4.658291457286432 1.6237472756212772E-5
0.40000000000000013 4.668341708542713 1.5655318955550948E-5
0.40000000000000013 4.678391959798995 1.5081470188956804E-5
0.40000000000000013 4.688442211055277 1.4515746192402307E-5
0.40000000000000013 4.698492462311558 1.3957970820253566E-5
0.40000000000000013 4.708542713567839 1.340797194365146E-5
0.40000000000000013 4.71859296482412 1.2865581351612388E-5
0.40000000000000013 4.728643216080402 1.2330634654770576E-5
0.40000000000000013 4.738693467336684 1.1802971191685514E-5
0.40000000000000013 4.748743718592965 1.1282433937640593E-5
0.40000000000000013 4.758793969849246 1.0768869415861369E-5
0.40000000000000013 4.768844221105527 1.0262127611084393E-5
0.40000000000000013 4.778894472361809 9.762061885408577E-6
0.40000000000000013 4.788944723618091 9.26852889636474E-6
0.40000000000000013 4.798994974874372 8.781388517139605E-6
0.40000000000000013 4.809045226130653 8.300503758893244E-6
0.40000000000000013 4.819095477386934 7.825740695110488E-6
0.40000000000000013 4.8291457286432165 7.356968387928845E-6
0.40000000000000013 4.839195979899498 6.89405881638704E-6
0.40000000000000013 4.849246231155779 6.436886806539993E-6
0.40000000000000013 4.85929648241206 5.9853299633879534E-6
0.40000000000000013 4.869346733668341 5.539268604568838E-6
0.40000000000000013 4.8793969849246235 5.098585695764211E-6
0.40000000000000013 4.889447236180905 4.663166787771383E-6
0.40000000000000013 4.899497487437186 4.23289995519493E-6
0.40000000000000013 4.909547738693467 3.807675736712786E-6
0.40000000000000013 4.919597989949748 3.387387076873048E-6
0.40000000000000013 4.9296482412060305 2.9719292693792857E-6
0.40000000000000013 4.939698492462312 2.561199901823071E-6
0.40000000000000013 4.949748743718593 2.1550988018239802E-6
0.40000000000000013 4.959798994974874 1.7535279845381998E-6
0.40000000000000013 4.969849246231155 1.356391601498316E-6
0.40000000000000013 4.9798994974874375 9.635958907477123E-7
0.40000000000000013 4.989949748743719 5.750491282342517E-7
0.40000000000000013 5.0 1.906615804288567E-7
0.40000000000000013 5.010050251256281 -1.8965454186431656E-7