t F Q
1.0 -0.005025125628140704 0.0
1.0 0.005025125628140704 0.0
1.0 0.01507537688442211 0.0
1.0 0.02512562814070352 0.0
1.0 0.035175879396984924 0.0
1.0 0.04522613065326633 0.0
1.0 0.05527638190954774 0.0
1.0 0.06532663316582915 0.0
1.0 0.07537688442211056 0.0
1.0 0.08542713567839195 0.0
1.0 0.09547738693467336 0.0
1.0 0.10552763819095477 0.0
1.0 0.11557788944723618 0.0
1.0 0.12562814070351758 0.0
1.0 0.135678391959799 0.0
1.0 0.1457286432160804 0.0
1.0 0.15577889447236182 0.0
1.0 0.1658291457286432 0.0
1.0 0.17587939698492464 0.0
1.0 0.18592964824120603 0.0
1.0 0.19597989949748745 0.0
1.0 0.20603015075376885 0.0
1.0 0.21608040201005024 0.0
1.0 0.22613065326633167 0.0
1.0 0.23618090452261306 0.0
1.0 0.24623115577889448 0.0
1.0 0.2562814070351759 0.0
1.0 0.2663316582914573 0.0
1.0 0.2763819095477387 0.0
1.0 0.2864321608040201 0.0
1.0 0.2964824120603015 0.0
1.0 0.3065326633165829 0.0
1.0 0.3165829145728643 0.0
1.0 0.32663316582914576 0.0
1.0 0.33668341708542715 0.0
1.0 0.34673366834170855 0.0
1.0 0.35678391959798994 0.0
1.0 0.36683417085427134 0.0
1.0 0.3768844221105528 0.0
1.0 0.3869346733668342 0.0
1.0 0.3969849246231156 0.0
1.0 0.40703517587939697 0.0
1.0 0.4170854271356784 0.0
1.0 0.4271356783919598 0.0
1.0 0.4371859296482412 0.0
1.0 0.4472361809045226 0.0
1.0 0.457286432160804 0.0
1.0 0.46733668341708545 0.0
1.0 0.47738693467336685 0.0
1.0 0.48743718592964824 0.0
1.0 0.49748743718592964 0.0
1.0 0.507537688442211 0.0
1.0 0.5175879396984925 0.0
1.0 0.5276381909547738 0.0
1.0 0.5376884422110553 0.0
1.0 0.5477386934673367 0.0
1.0 0.5577889447236181 0.0
1.0 0.5678391959798995 0.0
1.0 0.577889447236181 0.0
1.0 0.5879396984924623 0.0
1.0 0.5979899497487438 0.0
1.0 0.6080402010050251 0.0
1.0 0.6180904522613065 0.0
1.0 0.628140703517588 0.0
1.0 0.6381909547738693 0.0
1.0 0.6482412060301508 0.0
1.0 0.6582914572864321 0.0
1.0 0.6683417085427136 0.0
1.0 0.678391959798995 0.0
1.0 0.6884422110552764 0.0
1.0 0.6984924623115578 0.0
1.0 0.7085427135678392 0.0
1.0 0.7185929648241206 0.0
1.0 0.7286432160804021 0.0
1.0 0.7386934673366834 0.0
1.0 0.7487437185929648 0.0
1.0 0.7587939698492463 0.0
1.0 0.7688442211055276 0.0
1.0 0.7788944723618091 0.0
1.0 0.7889447236180904 0.0
1.0 0.7989949748743719 0.0
1.0 0.8090452261306533 0.0
1.0 0.8190954773869347 0.0
1.0 0.8291457286432161 0.0
1.0 0.8391959798994975 0.0
1.0 0.8492462311557789 0.0
1.0 0.8592964824120604 0.0
1.0 0.8693467336683417 0.0
1.0 0.8793969849246231 0.0
1.0 0.8894472361809045 0.0
1.0 0.8994974874371859 0.0
1.0 0.9095477386934674 0.0
1.0 0.9195979899497487 0.0
1.0 0.9296482412060302 0.0
1.0 0.9396984924623115 0.0
1.0 0.949748743718593 0.0
1.0 0.9597989949748744 0.0
1.0 0.9698492462311558 0.0
1.0 0.9798994974874372 0.0
1.0 0.9899497487437187 0.0
1.0 1.0 99.5
1.0 1.0100502512562815 0.0
1.0 1.020100502512563 0.0
1.0 1.0301507537688441 0.0
1.0 1.0402010050251256 0.0
1.0 1.050251256281407 0.0
1.0 1.0603015075376885 0.0
1.0 1.07035175879397 0.0
1.0 1.0804020100502514 0.0
1.0 1.0904522613065326 0.0
1.0 1.100502512562814 0.0
1.0 1.1105527638190955 0.0
1.0 1.120603015075377 0.0
1.0 1.1306532663316584 0.0
1.0 1.1407035175879396 0.0
1.0 1.150753768844221 0.0
1.0 1.1608040201005025 0.0
1.0 1.170854271356784 0.0
1.0 1.1809045226130654 0.0
1.0 1.1909547738693467 0.0
1.0 1.2010050251256281 0.0
1.0 1.2110552763819096 0.0
1.0 1.221105527638191 0.0
1.0 1.2311557788944725 0.0
1.0 1.2412060301507537 0.0
1.0 1.2512562814070352 0.0
1.0 1.2613065326633166 0.0
1.0 1.271356783919598 0.0
1.0 1.2814070351758795 0.0
1.0 1.2914572864321607 0.0
1.0 1.3015075376884422 0.0
1.0 1.3115577889447236 0.0
1.0 1.321608040201005 0.0
1.0 1.3316582914572865 0.0
1.0 1.3417085427135678 0.0
1.0 1.3517587939698492 0.0
1.0 1.3618090452261307 0.0
1.0 1.3718592964824121 0.0
1.0 1.3819095477386936 0.0
1.0 1.3919597989949748 0.0
1.0 1.4020100502512562 0.0
1.0 1.4120603015075377 0.0
1.0 1.4221105527638191 0.0
1.0 1.4321608040201006 0.0
1.0 1.4422110552763818 0.0
1.0 1.4522613065326633 0.0
1.0 1.4623115577889447 0.0
1.0 1.4723618090452262 0.0
1.0 1.4824120603015076 0.0
1.0 1.4924623115577889 0.0
1.0 1.5025125628140703 0.0
1.0 1.5125628140703518 0.0
1.0 1.5226130653266332 0.0
1.0 1.5326633165829147 0.0
1.0 1.542713567839196 0.0
1.0 1.5527638190954773 0.0
1.0 1.5628140703517588 0.0
1.0 1.5728643216080402 0.0
1.0 1.5829145728643217 0.0
1.0 1.5929648241206031 0.0
1.0 1.6030150753768844 0.0
1.0 1.6130653266331658 0.0
1.0 1.6231155778894473 0.0
1.0 1.6331658291457287 0.0
1.0 1.6432160804020102 0.0
1.0 1.6532663316582914 0.0
1.0 1.6633165829145728 0.0
1.0 1.6733668341708543 0.0
1.0 1.6834170854271358 0.0
1.0 1.6934673366834172 0.0
1.0 1.7035175879396984 0.0
1.0 1.7135678391959799 0.0
1.0 1.7236180904522613 0.0
1.0 1.7336683417085428 0.0
1.0 1.7437185929648242 0.0
1.0 1.7537688442211055 0.0
1.0 1.763819095477387 0.0
1.0 1.7738693467336684 0.0
1.0 1.7839195979899498 0.0
1.0 1.7939698492462313 0.0
1.0 1.8040201005025125 0.0
1.0 1.814070351758794 0.0
1.0 1.8241206030150754 0.0
1.0 1.8341708542713568 0.0
1.0 1.8442211055276383 0.0
1.0 1.8542713567839195 0.0
1.0 1.864321608040201 0.0
1.0 1.8743718592964824 0.0
1.0 1.8844221105527639 0.0
1.0 1.8944723618090453 0.0
1.0 1.9045226130653266 0.0
1.0 1.914572864321608 0.0
1.0 1.9246231155778895 0.0
1.0 1.934673366834171 0.0
1.0 1.9447236180904524 0.0
1.0 1.9547738693467338 0.0
1.0 1.964824120603015 0.0
1.0 1.9748743718592965 0.0
1.0 1.984924623115578 0.0
1.0 1.9949748743718594 0.0
1.0 2.0050251256281406 0.0
1.0 2.0150753768844223 0.0
1.0 2.0251256281407035 0.0
1.0 2.0351758793969847 0.0
1.0 2.0452261306532664 0.0
1.0 2.0552763819095476 0.0
1.0 2.0653266331658293 0.0
1.0 2.0753768844221105 0.0
1.0 2.0854271356783918 0.0
1.0 2.0954773869346734 0.0
1.0 2.1055276381909547 0.0
1.0 2.1155778894472363 0.0
1.0 2.1256281407035176 0.0
1.0 2.135678391959799 0.0
1.0 2.1457286432160805 0.0
1.0 2.1557788944723617 0.0
1.0 2.1658291457286434 0.0
1.0 2.1758793969849246 0.0
1.0 2.1859296482412063 0.0
1.0 2.1959798994974875 0.0
1.0 2.2060301507537687 0.0
1.0 2.2160804020100504 0.0
1.0 2.2261306532663316 0.0
1.0 2.2361809045226133 0.0
1.0 2.2462311557788945 0.0
1.0 2.2562814070351758 0.0
1.0 2.2663316582914574 0.0
1.0 2.2763819095477387 0.0
1.0 2.2864321608040203 0.0
1.0 2.2964824120603016 0.0
1.0 2.306532663316583 0.0
1.0 2.3165829145728645 0.0
1.0 2.3266331658291457 0.0
1.0 2.3366834170854274 0.0
1.0 2.3467336683417086 0.0
1.0 2.35678391959799 0.0
1.0 2.3668341708542715 0.0
1.0 2.3768844221105527 0.0
1.0 2.3869346733668344 0.0
1.0 2.3969849246231156 0.0
1.0 2.407035175879397 0.0
1.0 2.4170854271356785 0.0
1.0 2.4271356783919598 0.0
1.0 2.4371859296482414 0.0
1.0 2.4472361809045227 0.0
1.0 2.457286432160804 0.0
1.0 2.4673366834170856 0.0
1.0 2.477386934673367 0.0
1.0 2.4874371859296485 0.0
1.0 2.4974874371859297 0.0
1.0 2.507537688442211 0.0
1.0 2.5175879396984926 0.0
1.0 2.527638190954774 0.0
1.0 2.5376884422110555 0.0
1.0 2.5477386934673367 0.0
1.0 2.557788944723618 0.0
1.0 2.5678391959798996 0.0
1.0 2.577889447236181 0.0
1.0 2.5879396984924625 0.0
1.0 2.5979899497487438 0.0
1.0 2.608040201005025 0.0
1.0 2.6180904522613067 0.0
1.0 2.628140703517588 0.0
1.0 2.6381909547738696 0.0
1.0 2.648241206030151 0.0
1.0 2.658291457286432 0.0
1.0 2.6683417085427137 0.0
1.0 2.678391959798995 0.0
1.0 2.6884422110552766 0.0
1.0 2.698492462311558 0.0
1.0 2.708542713567839 0.0
1.0 2.7185929648241207 0.0
1.0 2.728643216080402 0.0
1.0 2.7386934673366836 0.0
1.0 2.748743718592965 0.0
1.0 2.758793969849246 0.0
1.0 2.7688442211055277 0.0
1.0 2.778894472361809 0.0
1.0 2.7889447236180906 0.0
1.0 2.798994974874372 0.0
1.0 2.809045226130653 0.0
1.0 2.819095477386935 0.0
1.0 2.829145728643216 0.0
1.0 2.8391959798994977 0.0
1.0 2.849246231155779 0.0
1.0 2.85929648241206 0.0
1.0 2.869346733668342 0.0
1.0 2.879396984924623 0.0
1.0 2.8894472361809047 0.0
1.0 2.899497487437186 0.0
1.0 2.909547738693467 0.0
1.0 2.919597989949749 0.0
1.0 2.92964824120603 0.0
1.0 2.9396984924623117 0.0
1.0 2.949748743718593 0.0
1.0 2.959798994974874 0.0
1.0 2.969849246231156 0.0
1.0 2.979899497487437 0.0
1.0 2.9899497487437188 0.0
1.0 3.0 0.0
1.0 3.0100502512562817 0.0
1.0 3.020100502512563 0.0
1.0 3.030150753768844 0.0
1.0 3.040201005025126 0.0
1.0 3.050251256281407 0.0
1.0 3.0603015075376887 0.0
1.0 3.07035175879397 0.0
1.0 3.080402010050251 0.0
1.0 3.090452261306533 0.0
1.0 3.100502512562814 0.0
1.0 3.1105527638190957 0.0
1.0 3.120603015075377 0.0
1.0 3.130653266331658 0.0
1.0 3.14070351758794 0.0
1.0 3.150753768844221 0.0
1.0 3.1608040201005028 0.0
1.0 3.170854271356784 0.0
1.0 3.180904522613065 0.0
1.0 3.190954773869347 0.0
1.0 3.201005025125628 0.0
1.0 3.21105527638191 0.0
1.0 3.221105527638191 0.0
1.0 3.2311557788944723 0.0
1.0 3.241206030150754 0.0
1.0 3.251256281407035 0.0
1.0 3.261306532663317 0.0
1.0 3.271356783919598 0.0
1.0 3.2814070351758793 0.0
1.0 3.291457286432161 0.0
1.0 3.301507537688442 0.0
1.0 3.311557788944724 0.0
1.0 3.321608040201005 0.0
1.0 3.3316582914572863 0.0
1.0 3.341708542713568 0.0
1.0 3.351758793969849 0.0
1.0 3.361809045226131 0.0
1.0 3.371859296482412 0.0
1.0 3.3819095477386933 0.0
1.0 3.391959798994975 0.0
1.0 3.4020100502512562 0.0
1.0 3.412060301507538 0.0
1.0 3.422110552763819 0.0
1.0 3.4321608040201004 0.0
1.0 3.442211055276382 0.0
1.0 3.4522613065326633 0.0
1.0 3.462311557788945 0.0
1.0 3.472361809045226 0.0
1.0 3.4824120603015074 0.0
1.0 3.492462311557789 0.0
1.0 3.5025125628140703 0.0
1.0 3.512562814070352 0.0
1.0 3.522613065326633 0.0
1.0 3.5326633165829144 0.0
1.0 3.542713567839196 0.0
1.0 3.5527638190954773 0.0
1.0 3.562814070351759 0.0
1.0 3.5728643216080402 0.0
1.0 3.5829145728643215 0.0
1.0 3.592964824120603 0.0
1.0 3.6030150753768844 0.0
1.0 3.613065326633166 0.0
1.0 3.6231155778894473 0.0
1.0 3.6331658291457285 0.0
1.0 3.64321608040201 0.0
1.0 3.6532663316582914 0.0
1.0 3.663316582914573 0.0
1.0 3.6733668341708543 0.0
1.0 3.6834170854271355 0.0
1.0 3.693467336683417 0.0
1.0 3.7035175879396984 0.0
1.0 3.71356783919598 0.0
1.0 3.7236180904522613 0.0
1.0 3.7336683417085426 0.0
1.0 3.7437185929648242 0.0
1.0 3.7537688442211055 0.0
1.0 3.763819095477387 0.0
1.0 3.7738693467336684 0.0
1.0 3.7839195979899496 0.0
1.0 3.7939698492462313 0.0
1.0 3.8040201005025125 0.0
1.0 3.814070351758794 0.0
1.0 3.8241206030150754 0.0
1.0 3.8341708542713566 0.0
1.0 3.8442211055276383 0.0
1.0 3.8542713567839195 0.0
1.0 3.864321608040201 0.0
1.0 3.8743718592964824 0.0
1.0 3.884422110552764 0.0
1.0 3.8944723618090453 0.0
1.0 3.9045226130653266 0.0
1.0 3.9145728643216082 0.0
1.0 3.9246231155778895 0.0
1.0 3.934673366834171 0.0
1.0 3.9447236180904524 0.0
1.0 3.9547738693467336 0.0
1.0 3.9648241206030153 0.0
1.0 3.9748743718592965 0.0
1.0 3.984924623115578 0.0
1.0 3.9949748743718594 0.0
1.0 4.005025125628141 0.0
1.0 4.015075376884422 0.0
1.0 4.025125628140704 0.0
1.0 4.035175879396985 0.0
1.0 4.045226130653266 0.0
1.0 4.055276381909548 0.0
1.0 4.065326633165829 0.0
1.0 4.075376884422111 0.0
1.0 4.085427135678392 0.0
1.0 4.0954773869346734 0.0
1.0 4.105527638190955 0.0
1.0 4.115577889447236 0.0
1.0 4.125628140703518 0.0
1.0 4.135678391959799 0.0
1.0 4.1457286432160805 0.0
1.0 4.155778894472362 0.0
1.0 4.165829145728643 0.0
1.0 4.175879396984925 0.0
1.0 4.185929648241206 0.0
1.0 4.1959798994974875 0.0
1.0 4.206030150753769 0.0
1.0 4.21608040201005 0.0
1.0 4.226130653266332 0.0
1.0 4.236180904522613 0.0
1.0 4.2462311557788945 0.0
1.0 4.256281407035176 0.0
1.0 4.266331658291457 0.0
1.0 4.276381909547739 0.0
1.0 4.28643216080402 0.0
1.0 4.296482412060302 0.0
1.0 4.306532663316583 0.0
1.0 4.316582914572864 0.0
1.0 4.326633165829146 0.0
1.0 4.336683417085427 0.0
1.0 4.346733668341709 0.0
1.0 4.35678391959799 0.0
1.0 4.366834170854271 0.0
1.0 4.376884422110553 0.0
1.0 4.386934673366834 0.0
1.0 4.396984924623116 0.0
1.0 4.407035175879397 0.0
1.0 4.417085427135678 0.0
1.0 4.42713567839196 0.0
1.0 4.437185929648241 0.0
1.0 4.447236180904523 0.0
1.0 4.457286432160804 0.0
1.0 4.467336683417085 0.0
1.0 4.477386934673367 0.0
1.0 4.4874371859296485 0.0
1.0 4.49748743718593 0.0
1.0 4.507537688442211 0.0
1.0 4.517587939698492 0.0
1.0 4.527638190954774 0.0
1.0 4.5376884422110555 0.0
1.0 4.547738693467337 0.0
1.0 4.557788944723618 0.0
1.0 4.567839195979899 0.0
1.0 4.577889447236181 0.0
1.0 4.5879396984924625 0.0
1.0 4.597989949748744 0.0
1.0 4.608040201005025 0.0
1.0 4.618090452261306 0.0
1.0 4.628140703517588 0.0
1.0 4.63819095477387 0.0
1.0 4.648241206030151 0.0
1.0 4.658291457286432 0.0
1.0 4.668341708542713 0.0
1.0 4.678391959798995 0.0
1.0 4.688442211055277 0.0
1.0 4.698492462311558 0.0
1.0 4.708542713567839 0.0
1.0 4.71859296482412 0.0
1.0 4.728643216080402 0.0
1.0 4.738693467336684 0.0
1.0 4.748743718592965 0.0
1.0 4.758793969849246 0.0
1.0 4.768844221105527 0.0
1.0 4.778894472361809 0.0
1.0 4.788944723618091 0.0
1.0 4.798994974874372 0.0
1.0 4.809045226130653 0.0
1.0 4.819095477386934 0.0
1.0 4.8291457286432165 0.0
1.0 4.839195979899498 0.0
1.0 4.849246231155779 0.0
1.0 4.85929648241206 0.0
1.0 4.869346733668341 0.0
1.0 4.8793969849246235 0.0
1.0 4.889447236180905 0.0
1.0 4.899497487437186 0.0
1.0 4.909547738693467 0.0
1.0 4.919597989949748 0.0
1.0 4.9296482412060305 0.0
1.0 4.939698492462312 0.0
1.0 4.949748743718593 0.0
1.0 4.959798994974874 0.0
1.0 4.969849246231155 0.0
1.0 4.9798994974874375 0.0
1.0 4.989949748743719 0.0
1.0 5.0 0.0
1.0 5.010050251256281 0.0

0.8 -0.005025125628140704 -1.34897832469953E-4
0.8 0.005025125628140704 1.2115854193662338E-4
0.8 0.01507537688442211 2.205978151366602E-4
0.8 0.02512562814070352 2.9822279018228815E-4
0.8 0.035175879396984924 3.6923205759707814E-4
0.8 0.04522613065326633 4.381539949893035E-4
0.8 0.05527638190954774 5.072122489851465E-4
0.8 0.06532663316582915 5.778021699619069E-4
0.8 0.07537688442211056 6.509531238658803E-4
0.8 0.08542713567839195 7.275179020447768E-4
0.8 0.09547738693467336 8.082649557762906E-4
0.8 0.10552763819095477 8.939296226441625E-4
0.8 0.11557788944723618 9.852459944960405E-4
0.8 0.12562814070351758 0.001082968955264879
0.8 0.135678391959799 0.0011878910331794964
0.8 0.1457286432160804 0.001300856532634882
0.8 0.15577889447236182 0.0014227743597812965
0.8 0.1658291457286432 0.0015546304180880863
0.8 0.17587939698492464 0.001697500163500376
0.8 0.18592964824120603 0.0018525617529838985
0.8 0.19597989949748745 0.0020211101366174964
0.8 0.20603015075376885 0.002204572401965693
0.8 0.21608040201005024 0.0024045246643270277
0.8 0.22613065326633167 0.0026227107989410677
0.8 0.23618090452261306 0.0028610633265973946
0.8 0.24623115577889448 0.003121726789785325
0.8 0.2562814070351759 0.003407083991329037
0.8 0.2663316582914573 0.0037197855109698196
0.8 0.2763819095477387 0.0040627829677422934
0.8 0.2864321608040201 0.004439366557810098
0.8 0.2964824120603015 0.004853207469572678
0.8 0.3065326633165829 0.005308405861513328
0.8 0.3165829145728643 0.005809545184891199
0.8 0.32663316582914576 0.006361753744729683
0.8 0.33668341708542715 0.006970774520657109
0.8 0.34673366834170855 0.007643044416366487
0.8 0.35678391959798994 0.008385784275476437
0.8 0.36683417085427134 0.009207101195464555
0.8 0.3768844221105528 0.010116104893583265
0.8 0.3869346733668342 0.011123040133167337
0.8 0.3969849246231156 0.012239437509874765
0.8 0.40703517587939697 0.013478285230023356
0.8 0.4170854271356784 0.014854224892635116
0.8 0.4271356783919598 0.016383774718890996
0.8 0.4371859296482412 0.01808558416366509
0.8 0.4472361809045226 0.01998072440021649
0.8 0.457286432160804 0.022093019797709234
0.8 0.46733668341708545 0.02444942621867442
0.8 0.47738693467336685 0.027080462756049827
0.8 0.48743718592964824 0.030020704412277874
0.8 0.49748743718592964 0.03330934419961374
0.8 0.507537688442211 0.036990834211981995
0.8 0.5175879396984925 0.04111561638082055
0.8 0.5276381909547738 0.04574095487047847
0.8 0.5376884422110553 0.05093188337397739
0.8 0.5477386934673367 0.05676228190576939
0.8 0.5577889447236181 0.06331609900549666
0.8 0.5678391959798995 0.0706887364927973
0.8 0.577889447236181 0.07898861494278102
0.8 0.5879396984924623 0.08833893873660603
0.8 0.5979899497487438 0.09887967967596231
0.8 0.6080402010050251 0.11076979745290527
0.8 0.6180904522613065 0.12418971335703946
0.8 0.628140703517588 0.13934404997135
0.8 0.6381909547738693 0.15646464358036083
0.8 0.6482412060301508 0.17581382670046666
0.8 0.6582914572864321 0.19768796438059383
0.8 0.6683417085427136 0.22242120820558817
0.8 0.678391959798995 0.25038940432608553
0.8 0.6884422110552764 0.2820140538597709
0.8 0.6984924623115578 0.31776617251841965
0.8 0.7085427135678392 0.3581698273610332
0.8 0.7185929648241206 0.4038050372264023
0.8 0.7286432160804021 0.4553096035665313
0.8 0.7386934673366834 0.5133792826324257
0.8 0.7487437185929648 0.5787655092394619
0.8 0.7587939698492463 0.6522696258913412
0.8 0.7688442211055276 0.7347322461907734
0.8 0.7788944723618091 0.8270159735352494
0.8 0.7889447236180904 0.9299791884352098
0.8 0.7989949748743719 1.0444379919579947
0.8 0.8090452261306533 1.1711126289837566
0.8 0.8190954773869347 1.3105537927096576
0.8 0.8291457286432161 1.463043111191571
0.8 0.8391959798994975 1.628460819784597
0.8 0.8492462311557789 1.8061121164648641
0.8 0.8592964824120604 1.9945019734258709
0.8 0.8693467336683417 2.1910462414274443
0.8 0.8793969849246231 2.391704750318734
0.8 0.8894472361809045 2.5905198147987303
0.8 0.8994974874371859 2.779041155017739
0.8 0.9095477386934674 2.945615817678193
0.8 0.9195979899497487 3.074519341699197
0.8 0.9296482412060302 3.1449022861762326
0.8 0.9396984924623115 3.1295244834946017
0.8 0.949748743718593 2.99324817054348
0.8 0.9597989949748744 2.6912606673243467
0.8 0.9698492462311558 2.166997691028773
0.8 0.9798994974874372 1.3497398702177055
0.8 0.9899497487437187 0.15185767529442984
0.8 1.0 -1.5343161299600379
0.8 1.0100502512562815 0.153722917513182
0.8 1.020100502512563 1.3562459298092264
0.8 1.0301507537688441 2.179034040873078
0.8 1.0402010050251256 2.7084854576247785
0.8 1.050251256281407 3.0146011896025957
0.8 1.0603015075376885 3.1536097810170753
0.8 1.07035175879397 3.170257586450862
0.8 1.0804020100502514 3.099791878147625
0.8 1.0904522613065326 2.969664421388435
0.8 1.100502512562814 2.8009830716427784
0.8 1.1105527638190955 2.609738430175063
0.8 1.120603015075377 2.4078316685474612
0.8 1.1306532663316584 2.20392834495701
0.8 1.1407035175879396 2.004161451335589
0.8 1.150753768844221 1.8127051243287262
0.8 1.1608040201005025 1.6322385036353837
0.8 1.170854271356784 1.464317203141583
0.8 1.1809045226130654 1.3096678420328298
0.8 1.1909547738693467 1.1684191224849076
0.8 1.2010050251256281 1.0402810833992675
0.8 1.2110552763819096 0.9246824392537036
0.8 1.221105527638191 0.8208743508652959
0.8 1.2311557788944725 0.7280075815175308
0.8 1.2412060301507537 0.6451887694742691
0.8 1.2512562814070352 0.5715204914827172
0.8 1.2613065326633166 0.5061288915475878
0.8 1.271356783919598 0.44818189184877566
0.8 1.2814070351758795 0.39690037316412385
0.8 1.2914572864321607 0.35156419488535
0.8 1.3015075376884422 0.3115145042460548
0.8 1.3115577889447236 0.27615344612703874
0.8 1.321608040201005 0.2449421154107005
0.8 1.3316582914572865 0.21739738141039344
0.8 1.3417085427135678 0.1930880480033141
0.8 1.3517587939698492 0.17163068483510036
0.8 1.3618090452261307 0.1526853668249638
0.8 1.3718592964824121 0.13595148493214548
0.8 1.3819095477386936 0.12116373561633871
0.8 1.3919597989949748 0.10808835547112329
0.8 1.4020100502512562 0.09651963778485034
0.8 1.4120603015075377 0.08627674662688585
0.8 1.4221105527638191 0.07720082937184898
0.8 1.4321608040201006 0.06915241872286387
0.8 1.4422110552763818 0.062009109009042274
0.8 1.4522613065326633 0.05566348783944564
0.8 1.4623115577889447 0.05002130235555796
0.8 1.4723618090452262 0.04499983877924029
0.8 1.4824120603015076 0.04052649428735648
0.8 1.4924623115577889 0.036537521151095195
0.8 1.5025125628140703 0.03297692433430287
0.8 1.5125628140703518 0.02979549519100056
0.8 1.5226130653266332 0.026949965425368705
0.8 1.5326633165829147 0.02440226700094484
0.8 1.542713567839196 0.022118885158781357
0.8 1.5527638190954773 0.020070293095034865
0.8 1.5628140703517588 0.018230458138719884
0.8 1.5728643216080402 0.01657641045158445
0.8 1.5829145728643217 0.015087866342293924
0.8 1.5929648241206031 0.013746899248814805
0.8 1.6030150753768844 0.012537652301354753
0.8 1.6130653266331658 0.011446087140398215
0.8 1.6231155778894473 0.01045976433809254
0.8 1.6331658291457287 0.009567651364592596
0.8 1.6432160804020102 0.008759954561985943
0.8 1.6532663316582914 0.008027972044785073
0.8 1.6633165829145728 0.00736396484489944
0.8 1.6733668341708543 0.006761043967139084
0.8 1.6834170854271358 0.006213071324709664
0.8 1.6934673366834172 0.0057145727882999525
0.8 1.7035175879396984 0.005260661812123304
0.8 1.7135678391959799 0.0048469723000016856
0.8 1.7236180904522613 0.004469599548117884
0.8 1.7336683417085428 0.004125048251795081
0.8 1.7437185929648242 0.0038101866945649317
0.8 1.7537688442211055 0.0035222063514572157
0.8 1.763819095477387 0.003258586237157061
0.8 1.7738693467336684 0.003017061415409015
0.8 1.7839195979899498 0.0027955951605227046
0.8 1.7939698492462313 0.0025923543265489075
0.8 1.8040201005025125 0.002405687535945433
0.8 1.814070351758794 0.0022341058484661174
0.8 1.8241206030150754 0.002076265613558852
0.8 1.8341708542713568 0.0019309532465952785
0.8 1.8442211055276383 0.0017970717015077758
0.8 1.8542713567839195 0.001673628440512144
0.8 1.864321608040201 0.0015597247260953702
0.8 1.8743718592964824 0.001454546081822224
0.8 1.8844221105527639 0.0013573537871726664
0.8 1.8944723618090453 0.0012674772879206551
0.8 1.9045226130653266 0.0011843074178115177
0.8 1.914572864321608 0.0011072903397570059
0.8 1.9246231155778895 0.0010359221256756443
0.8 1.934673366834171 9.697439036614767E-4
0.8 1.9447236180904524 9.083375095410371E-4
0.8 1.9547738693467338 8.513215872268141E-4
0.8 1.964824120603015 7.983480887270686E-4
0.8 1.9748743718592965 7.490991303400137E-4
0.8 1.984924623115578 7.032841665442417E-4
0.8 1.9949748743718594 6.606374474826529E-4
0.8 2.0050251256281406 6.2091572979898E-4
0.8 2.0150753768844223 5.838962139893031E-4
0.8 2.0251256281407035 5.493746844325458E-4
0.8 2.0351758793969847 5.171638309132391E-4
0.8 2.0452261306532664 4.8709173279000184E-4
0.8 2.0552763819095476 4.590004890318793E-4
0.8 2.0653266331658293 4.3274497917476367E-4
0.8 2.0753768844221105 4.0819174187041256E-4
0.8 2.0854271356783918 3.852179591361516E-4
0.8 2.0954773869346734 3.637105356862905E-4
0.8 2.1055276381909547 3.4356526385582694E-4
0.8 2.1155778894472363 3.246860656300787E-4
0.8 2.1256281407035176 3.0698430418532884E-4
0.8 2.135678391959799 2.9037815813835093E-4
0.8 2.1457286432160805 2.7479205240829384E-4
0.8 2.1557788944723617 2.60156140222864E-4
0.8 2.1658291457286434 2.464058313608989E-4
0.8 2.1758793969849246 2.3348136222308262E-4
0.8 2.1859296482412063 2.2132740376853098E-4
0.8 2.1959798994974875 2.0989270375337257E-4
0.8 2.2060301507537687 1.9912976006354437E-4
0.8 2.2160804020100504 1.8899452225258295E-4
0.8 2.2261306532663316 1.7944611868032616E-4
0.8 2.2361809045226133 1.7044660690386545E-4
0.8 2.2462311557788945 1.6196074520105356E-4
0.8 2.2562814070351758 1.539557833122328E-4
0.8 2.2663316582914574 1.4640127067020803E-4
0.8 2.2763819095477387 1.392688805540541E-4
0.8 2.2864321608040203 1.3253224875118E-4
0.8 2.2964824120603016 1.2616682544592072E-4
0.8 2.306532663316583 1.2014973917338982E-4
0.8 2.3165829145728645 1.1445967178581697E-4
0.8 2.3266331658291457 1.0907674347635554E-4
0.8 2.3366834170854274 1.0398240699349683E-4
0.8 2.3467336683417086 9.915935025877934E-5
0.8 2.35678391959799 9.45914066722836E-5
0.8 2.3668341708542715 9.026347245529228E-5
0.8 2.3768844221105527 8.616143043813781E-5
0.8 2.3869346733668344 8.227207975431131E-5
0.8 2.3969849246231156 7.858307094991843E-5
0.8 2.407035175879397 7.50828460610474E-5
0.8 2.4170854271356785 7.176058325101666E-5
0.8 2.4271356783919598 6.860614563518982E-5
0.8 2.4371859296482414 6.561003395345301E-5
0.8 2.4472361809045227 6.2763342779868E-5
0.8 2.457286432160804 6.005771998573112E-5
0.8 2.4673366834170856 5.74853291965463E-5
0.8 2.477386934673367 5.503881500549933E-5
0.8 2.4874371859296485 5.271127072610053E-5
0.8 2.4974874371859297 5.049620848494895E-5
0.8 2.507537688442211 4.8387531472217136E-5
0.8 2.5175879396984926 4.6379508182630055E-5
0.8 2.527638190954774 4.446674849354334E-5
0.8 2.5376884422110555 4.264418143934409E-5
0.8 2.5477386934673367 4.0907034552914966E-5
0.8 2.557788944723618 3.9250814655416116E-5
0.8 2.5678391959798996 3.767128998525074E-5
0.8 2.577889447236181 3.616447356585845E-5
0.8 2.5879396984924625 3.472660772001534E-5
0.8 2.5979899497487438 3.335414964566723E-5
0.8 2.608040201005025 3.2043757975050175E-5
0.8 2.6180904522613067 3.079228024501455E-5
0.8 2.628140703517588 2.9596741212115027E-5
0.8 2.6381909547738696 2.8454331951204384E-5
0.8 2.648241206030151 2.7362399681018174E-5
0.8 2.658291457286432 2.631843826459246E-5
0.8 2.6683417085427137 2.532007933635754E-5
0.8 2.678391959798995 2.4365084011423775E-5
0.8 2.6884422110552766 2.3451335135951308E-5
0.8 2.698492462311558 2.2576830040599444E-5
0.8 2.708542713567839 2.1739673761904778E-5
0.8 2.7185929648241207 2.0938072699064384E-5
0.8 2.728643216080402 2.0170328676017438E-5
0.8 2.7386934673366836 1.9434833380945458E-5
0.8 2.748743718592965 1.8730063157362585E-5
0.8 2.758793969849246 1.8054574122858026E-5
0.8 2.7688442211055277 1.7406997593296804E-5
0.8 2.778894472361809 1.678603579189272E-5
0.8 2.7889447236180906 1.619045782405247E-5
0.8 2.798994974874372 1.5619095900260105E-5
0.8 2.809045226130653 1.5070841790536782E-5
0.8 2.819095477386935 1.4544643495180754E-5
0.8 2.829145728643216 1.4039502117573688E-5
0.8 2.8391959798994977 1.3554468925839058E-5
0.8 2.849246231155779 1.3088642591063768E-5
0.8 2.85929648241206 1.2641166590650052E-5
0.8 2.869346733668342 1.2211226766157227E-5
0.8 2.879396984924623 1.1798049025727093E-5
0.8 2.8894472361809047 1.1400897181866928E-5
0.8 2.899497487437186 1.1019070915994482E-5
0.8 2.909547738693467 1.0651903861733685E-5
0.8 2.919597989949749 1.0298761799492571E-5
0.8 2.92964824120603 9.95904095535727E-6
0.8 2.9396984924623117 9.632166397803875E-6
0.8 2.949748743718593 9.317590526162692E-6
0.8 2.959798994974874 9.01479164517313E-6
0.8 2.969849246231156 8.723272620341159E-6
0.8 2.979899497487437 8.442559609159708E-6
0.8 2.9899497487437188 8.172200863575507E-6
0.8 3.0 7.911765599387458E-6
0.8 3.0100502512562817 7.660842928540925E-6
0.8 3.020100502512563 7.4190408505439326E-6
0.8 3.030150753768844 7.185985299473173E-6
0.8 3.040201005025126 6.9613192432644735E-6
0.8 3.050251256281407 6.744701832192728E-6
0.8 3.0603015075376887 6.535807593642703E-6
0.8 3.07035175879397 6.33432567045539E-6
0.8 3.080402010050251 6.139959100305148E-6
0.8 3.090452261306533 5.952424133722288E-6
0.8 3.100502512562814 5.771449588524382E-6
0.8 3.1105527638190957 5.596776238558503E-6
0.8 3.120603015075377 5.428156234786004E-6
0.8 3.130653266331658 5.2653525568627275E-6
0.8 3.14070351758794 5.108138493480575E-6
0.8 3.150753768844221 4.956297149842111E-6
0.8 3.1608040201005028 4.809620980738708E-6
0.8 3.170854271356784 4.667911347795392E-6
0.8 3.180904522613065 4.530978099531748E-6
0.8 3.190954773869347 4.398639172969452E-6
0.8 3.201005025125628 4.2707202155927306E-6
0.8 3.21105527638191 4.147054226538763E-6
0.8 3.221105527638191 4.027481215961871E-6
0.8 3.2311557788944723 3.91184788157729E-6
0.8 3.241206030150754 3.8000073014487777E-6
0.8 3.251256281407035 3.691818642139021E-6
0.8 3.261306532663317 3.587146881393025E-6
0.8 3.271356783919598 3.4858625445727887E-6
0.8 3.2814070351758793 3.3878414541067103E-6
0.8 3.291457286432161 3.2929644912594586E-6
0.8 3.301507537688442 3.2011173695678182E-6
0.8 3.311557788944724 3.1121904193253654E-6
0.8 3.321608040201005 3.0260783825337687E-6
0.8 3.3316582914572863 2.942680217771565E-6
0.8 3.341708542713568 2.8618989144620935E-6
0.8 3.351758793969849 2.783641316051396E-6
0.8 3.361809045226131 2.707817951634172E-6
0.8 3.371859296482412 2.634342875591691E-6
0.8 3.3819095477386933 2.563133514829567E-6
0.8 3.391959798994975 2.4941105232262193E-6
0.8 3.4020100502512562 2.427197642924162E-6
0.8 3.412060301507538 2.362321572116371E-6
0.8 3.422110552763819 2.299411838999068E-6
0.8 3.4321608040201004 2.238400681580017E-6
0.8 3.442211055276382 2.179222933048293E-6
0.8 3.4522613065326633 2.121815912427391E-6
0.8 3.462311557788945 2.0661193202483583E-6
0.8 3.472361809045226 2.012075138993881E-6
0.8 3.4824120603015074 1.9596275380773807E-6
0.8 3.492462311557789 1.9087227831338268E-6
0.8 3.5025125628140703 1.8593091494107036E-6
0.8 3.512562814070352 1.8113368390587382E-6
0.8 3.522613065326633 1.7647579021325592E-6
0.8 3.5326633165829144 1.7195261611212974E-6
0.8 3.542713567839196 1.6755971388386112E-6
0.8 3.5527638190954773 1.6329279895103997E-6
0.8 3.562814070351759 1.5914774329068583E-6
0.8 3.5728643216080402 1.5512056913734442E-6
0.8 3.5829145728643215 1.5120744296227638E-6
0.8 3.592964824120603 1.4740466971564337E-6
0.8 3.6030150753768844 1.4370868731927073E-6
0.8 3.613065326633166 1.4011606139818738E-6
0.8 3.6231155778894473 1.366234802397479E-6
0.8 3.6331658291457285 1.3322774996970022E-6
0.8 3.64321608040201 1.2992578993510266E-6
0.8 3.6532663316582914 1.2671462828449152E-6
0.8 3.663316582914573 1.235913977361856E-6
0.8 3.6733668341708543 1.2055333152606337E-6
0.8 3.6834170854271355 1.1759775952657712E-6
0.8 3.693467336683417 1.147221045291768E-6
0.8 3.7035175879396984 1.1192387868269785E-6
0.8 3.71356783919598 1.092006800806346E-6
0.8 3.7236180904522613 1.0655018949056441E-6
0.8 3.7336683417085426 1.0397016721931615E-6
0.8 3.7437185929648242 1.0145845010778616E-6
0.8 3.7537688442211055 9.901294864960003E-7
0.8 3.763819095477387 9.663164422809707E-7
0.8 3.7738693467336684 9.431258646637866E-7
0.8 3.7839195979899496 9.20538906854148E-7
0.8 3.7939698492462313 8.98537354654387E-7
0.8 3.8040201005025125 8.771036030608796E-7
0.8 3.814070351758794 8.562206338096514E-7
0.8 3.8241206030150754 8.358719938249221E-7
0.8 3.8341708542713566 8.160417745313085E-7
0.8 3.8442211055276383 7.967145919922123E-7
0.8 3.8542713567839195 7.778755678386865E-7
0.8 3.864321608040201 7.595103109547101E-7
0.8 3.8743718592964824 7.41604899886421E-7
0.8 3.884422110552764 7.241458659443029E-7
0.8 3.8944723618090453 7.071201769687877E-7
0.8 3.9045226130653266 6.905152217310809E-7
0.8 3.9145728643216082 6.743187949422907E-7
0.8 3.9246231155778895 6.585190828451856E-7
0.8 3.934673366834171 6.43104649364061E-7
0.8 3.9447236180904524 6.280644227893162E-7
0.8 3.9547738693467336 6.133876829743782E-7
0.8 3.9648241206030153 5.990640490236378E-7
0.8 3.9748743718592965 5.850834674510037E-7
0.8 3.984924623115578 5.714362007895931E-7
0.8 3.9949748743718594 5.58112816633957E-7
0.8 4.005025125628141 5.451041770970415E-7
0.8 4.015075376884422 5.324014286648987E-7
0.8 4.025125628140704 5.19995992432886E-7
0.8 4.035175879396985 5.078795547078325E-7
0.8 4.045226130653266 4.960440579612997E-7
0.8 4.055276381909548 4.844816921197506E-7
0.8 4.065326633165829 4.7318488617802287E-7
0.8 4.075376884422111 4.62146300123115E-7
0.8 4.085427135678392 4.5135881715585383E-7
0.8 4.0954773869346734 4.408155361985317E-7
0.8 4.105527638190955 4.305097646771383E-7
0.8 4.115577889447236 4.2043501156727764E-7
0.8 4.125628140703518 4.105849806933387E-7
0.8 4.135678391959799 4.009535642709305E-7
0.8 4.1457286432160805 3.9153483668301167E-7
0.8 4.155778894472362 3.8232304848055783E-7
0.8 4.165829145728643 3.7331262059898573E-7
0.8 4.175879396984925 3.6449813878193543E-7
0.8 4.185929648241206 3.5587434820434783E-7
0.8 4.1959798994974875 3.4743614828712945E-7
0.8 4.206030150753769 3.3917858769600333E-7
0.8 4.21608040201005 3.3109685951745977E-7
0.8 4.226130653266332 3.2318629660501153E-7
0.8 4.236180904522613 3.1544236708924083E-7
0.8 4.2462311557788945 3.0786067004538916E-7
0.8 4.256281407035176 3.0043693131250507E-7
0.8 4.266331658291457 2.931669994584001E-7
0.8 4.276381909547739 2.8604684188490715E-7
0.8 4.28643216080402 2.7907254106815204E-7
0.8 4.296482412060302 2.722402909287679E-7
0.8 4.306532663316583 2.655463933271863E-7
0.8 4.316582914572864 2.589872546793353E-7
0.8 4.326633165829146 2.525593826882565E-7
0.8 4.336683417085427 2.4625938318734756E-7
0.8 4.346733668341709 2.400839570910888E-7
0.8 4.35678391959799 2.3402989744929503E-7
0.8 4.366834170854271 2.2809408660108023E-7
0.8 4.376884422110553 2.2227349342487594E-7
0.8 4.386934673366834 2.165651706809949E-7
0.8 4.396984924623116 2.1096625244335608E-7
0.8 4.407035175879397 2.054739516171388E-7
0.8 4.417085427135678 2.000855575392406E-7
0.8 4.42713567839196 1.947984336585515E-7
0.8 4.437185929648241 1.8961001529316405E-7
0.8 4.447236180904523 1.8451780746175268E-7
0.8 4.457286432160804 1.7951938278646635E-7
0.8 4.467336683417085 1.7461237946477587E-7
0.8 4.477386934673367 1.697944993078185E-7
0.8 4.4874371859296485 1.6506350584287812E-7
0.8 4.49748743718593 1.604172224777255E-7
0.8 4.507537688442211 1.5585353072463298E-7
0.8 4.517587939698492 1.5137036848196315E-7
0.8 4.527638190954774 1.4696572837130387E-7
0.8 4.5376884422110555 1.4263765612820678E-7
0.8 4.547738693467337 1.3838424904465315E-7
0.8 4.557788944723618 1.342036544614471E-7
0.8 4.567839195979899 1.3009406830879847E-7
0.8 4.577889447236181 1.2605373369342726E-7
0.8 4.5879396984924625 1.220809395305807E-7
0.8 4.597989949748744 1.1817401921941518E-7
0.8 4.608040201005025 1.1433134936025264E-7
0.8 4.618090452261306 1.1055134851227653E-7
0.8 4.628140703517588 1.0683247599028414E-7
0.8 4.63819095477387 1.0317323069916448E-7
0.8 4.648241206030151 9.95721500048189E-8
0.8 4.658291457286432 9.6027808640289E-8
0.8 4.668341708542713 9.253881764590106E-8
0.8 4.678391959798995 8.910382334228038E-8
0.8 4.688442211055277 8.572150633512958E-8
0.8 4.698492462311558 8.239058055070575E-8
0.8 4.708542713567839 7.910979230096945E-8
0.8 4.71859296482412 7.587791937741542E-8
0.8 4.728643216080402 7.269377017263127E-8
0.8 4.738693467336684 6.955618282866349E-8
0.8 4.748743718592965 6.646402441130341E-8
0.8 4.758793969849246 6.341619010943814E-8
0.8 4.768844221105527 6.041160245864092E-8
0.8 4.778894472361809 5.74492105882047E-8
0.8 4.788944723618091 5.452798949085195E-8
0.8 4.798994974874372 5.164693931437915E-8
0.8 4.809045226130653 4.880508467452184E-8
0.8 4.819095477386934 4.600147398835087E-8
0.8 4.8291457286432165 4.3235178827534024E-8
0.8 4.839195979899498 4.0505293290821E-8
0.8 4.849246231155779 3.7810933395132196E-8
0.8 4.85929648241206 3.515123648465254E-8
0.8 4.869346733668341 3.252536065735359E-8
0.8 4.8793969849246235 2.993248420838542E-8
0.8 4.889447236180905 2.73718050898007E-8
0.8 4.899497487437186 2.4842540386090728E-8
0.8 4.909547738693467 2.2343925805031426E-8
0.8 4.919597989949748 1.9875215183354605E-8
0.8 4.9296482412060305 1.7435680006776107E-8
0.8 4.939698492462312 1.5024608943928495E-8
0.8 4.949748743718593 1.2641307393761223E-8
0.8 4.959798994974874 1.0285097045986188E-8
0.8 4.969849246231155 7.95531545416067E-9
0.8 4.9798994974874375 5.651315621013444E-9
0.8 4.989949748743719 3.372465595633229E-9
0.8 5.0 1.1181480821511329E-9
0.8 5.010050251256281 -1.1920909852209833E-9

0.6000000000000001 -0.005025125628140704 -0.0017060329974754053
0.6000000000000001 0.005025125628140704 0.0012216991376117982
0.6000000000000001 0.01507537688442211 0.0022191260184792876
0.6000000000000001 0.02512562814070352 0.0029896015901895267
0.6000000000000001 0.035175879396984924 0.0036850457692410047
0.6000000000000001 0.04522613065326633 0.004349838105153197
0.6000000000000001 0.05527638190954774 0.005005008406353222
0.6000000000000001 0.06532663316582915 0.00566308394013907
0.6000000000000001 0.07537688442211056 0.006332722764171163
0.6000000000000001 0.08542713567839195 0.007020596379584203
0.6000000000000001 0.09547738693467336 0.007732290897010377
0.6000000000000001 0.10552763819095477 0.008472791877473402
0.6000000000000001 0.11557788944723618 0.009246770353798941
0.6000000000000001 0.12562814070351758 0.010058765410901793
0.6000000000000001 0.135678391959799 0.01091330945199745
0.6000000000000001 0.1457286432160804 0.011815020248882483
0.6000000000000001 0.15577889447236182 0.012768673190683387
0.6000000000000001 0.1658291457286432 0.013779261615570363
0.6000000000000001 0.17587939698492464 0.014852050090964942
0.6000000000000001 0.18592964824120603 0.01599262378530924
0.6000000000000001 0.19597989949748745 0.017206936055162173
0.6000000000000001 0.20603015075376885 0.018501355749855314
0.6000000000000001 0.21608040201005024 0.019882715347774166
0.6000000000000001 0.22613065326633167 0.021358360791462448
0.6000000000000001 0.23618090452261306 0.022936203729758423
0.6000000000000001 0.24623115577889448 0.02462477677202713
0.6000000000000001 0.2562814070351759 0.02643329229240634
0.6000000000000001 0.2663316582914573 0.02837170527811619
0.6000000000000001 0.2763819095477387 0.030450780686799853
0.6000000000000001 0.2864321608040201 0.0326821657576149
0.6000000000000001 0.2964824120603015 0.03507846770492932
0.6000000000000001 0.3065326633165829 0.03765333720838912
0.6000000000000001 0.3165829145728643 0.04042155809563923
0.6000000000000001 0.32663316582914576 0.04339914359103034
0.6000000000000001 0.33668341708542715 0.04660343947206124
0.6000000000000001 0.34673366834170855 0.05005323443162224
0.6000000000000001 0.35678391959798994 0.05376887788439976
0.6000000000000001 0.36683417085427134 0.05777240537552651
0.6000000000000001 0.3768844221105528 0.06208767164340553
0.6000000000000001 0.3869346733668342 0.06674049125033506
0.6000000000000001 0.3969849246231156 0.07175878651673917
0.6000000000000001 0.40703517587939697 0.07717274226877659
0.6000000000000001 0.4170854271356784 0.08301496662466577
0.6000000000000001 0.4271356783919598 0.08932065669031433
0.6000000000000001 0.4371859296482412 0.09612776759594058
0.6000000000000001 0.4472361809045226 0.10347718276635941
0.6000000000000001 0.457286432160804 0.1114128826602163
0.6000000000000001 0.46733668341708545 0.11998210841700574
0.6000000000000001 0.47738693467336685 0.12923551589206955
0.6000000000000001 0.48743718592964824 0.1392273144134495
0.6000000000000001 0.49748743718592964 0.15001538323293212
0.6000000000000001 0.507537688442211 0.16166135703792478
0.6000000000000001 0.5175879396984925 0.1742306700115514
0.6000000000000001 0.5276381909547738 0.18779254574745474
0.6000000000000001 0.5376884422110553 0.20241991781868618
0.6000000000000001 0.5477386934673367 0.2181892629494195
0.6000000000000001 0.5577889447236181 0.23518032553868118
0.6000000000000001 0.5678391959798995 0.2534757087502668
0.6000000000000001 0.577889447236181 0.27316030355388254
0.6000000000000001 0.5879396984924623 0.29432052306060447
0.6000000000000001 0.5979899497487438 0.3170433053781404
0.6000000000000001 0.6080402010050251 0.3414148442314023
0.6000000000000001 0.6180904522613065 0.3675190030666648
0.6000000000000001 0.628140703517588 0.39543536573195764
0.6000000000000001 0.6381909547738693 0.425236875723558
0.6000000000000001 0.6482412060301508 0.45698701724807844
0.6000000000000001 0.6582914572864321 0.4907364960817399
0.6000000000000001 0.6683417085427136 0.5265193878512981
0.6000000000000001 0.678391959798995 0.5643487377396885
0.6000000000000001 0.6884422110552764 0.604211620999356
0.6000000000000001 0.6984924623115578 0.6460637107810958
0.6000000000000001 0.7085427135678392 0.6898234518830377
0.6000000000000001 0.7185929648241206 0.7353660097504684
0.6000000000000001 0.7286432160804021 0.7825172573536077
0.6000000000000001 0.7386934673366834 0.8310481823711225
0.6000000000000001 0.7487437185929648 0.8806702468354835
0.6000000000000001 0.7587939698492463 0.9310324131618839
0.6000000000000001 0.7688442211055276 0.9817207638640073
0.6000000000000001 0.7788944723618091 1.0322618825418177
0.6000000000000001 0.7889447236180904 1.0821314194308744
0.6000000000000001 0.7989949748743719 1.1307695143523633
0.6000000000000001 0.8090452261306533 1.177604957254783
0.6000000000000001 0.8190954773869347 1.2220900756593163
0.6000000000000001 0.8291457286432161 1.263748266463506
0.6000000000000001 0.8391959798994975 1.3022357194184533
0.6000000000000001 0.8492462311557789 1.3374180506596125
0.6000000000000001 0.8592964824120604 1.3694610643409555
0.6000000000000001 0.8693467336683417 1.3989324158956435
0.6000000000000001 0.8793969849246231 1.4269072227848478
0.6000000000000001 0.8894472361809045 1.4550652508755864
0.6000000000000001 0.8994974874371859 1.4857597264551008
0.6000000000000001 0.9095477386934674 1.5220275651086443
0.6000000000000001 0.9195979899497487 1.567497324202832
0.6000000000000001 0.9296482412060302 1.6261339442293448
0.6000000000000001 0.9396984924623115 1.7017378811962907
0.6000000000000001 0.949748743718593 1.797090216151696
0.6000000000000001 0.9597989949748744 1.9126046368765812
0.6000000000000001 0.9698492462311558 2.0443119885953025
0.6000000000000001 0.9798994974874372 2.1809639174447732
0.6000000000000001 0.9899497487437187 2.2999999368687742
0.6000000000000001 1.0 2.362078438065663
0.6000000000000001 1.0100502512562815 2.303828583947226
0.6000000000000001 1.020100502512563 2.188189235050214
0.6000000000000001 1.0301507537688441 2.0544231020687027
0.6000000000000001 1.0402010050251256 1.9251643679793973
0.6000000000000001 1.050251256281407 1.8117673780814267
0.6000000000000001 1.0603015075376885 1.718278657169848
0.6000000000000001 1.07035175879397 1.6443124991581262
0.6000000000000001 1.0804020100502514 1.587069748686556
0.6000000000000001 1.0904522613065326 1.5427010151259197
0.6000000000000001 1.100502512562814 1.5071801409941532
0.6000000000000001 1.1105527638190955 1.4768218187034985
0.6000000000000001 1.120603015075377 1.4485491379905344
0.6000000000000001 1.1306532663316584 1.419992676000906
0.6000000000000001 1.1407035175879396 1.3894824548448268
0.6000000000000001 1.150753768844221 1.355977478377615
0.6000000000000001 1.1608040201005025 1.3189642991214554
0.6000000000000001 1.170854271356784 1.2783457632304027
0.6000000000000001 1.1809045226130654 1.2343333069505464
0.6000000000000001 1.1909547738693467 1.1873505001036195
0.6000000000000001 1.2010050251256281 1.1379515407295073
0.6000000000000001 1.2110552763819096 1.086755729305268
0.6000000000000001 1.221105527638191 1.0343972690846033
0.6000000000000001 1.2311557788944725 0.9814887820516707
0.6000000000000001 1.2412060301507537 0.9285964806580156
0.6000000000000001 1.2512562814070352 0.8762248246292346
0.6000000000000001 1.2613065326633166 0.8248085922238978
0.6000000000000001 1.271356783919598 0.7747105139353091
0.6000000000000001 1.2814070351758795 0.726222889440337
0.6000000000000001 1.2914572864321607 0.679571893141165
0.6000000000000001 1.3015075376884422 0.6349235437442345
0.6000000000000001 1.3115577889447236 0.5923905545222683
0.6000000000000001 1.321608040201005 0.5520394868161086
0.6000000000000001 1.3316582914572865 0.5138977988162541
0.6000000000000001 1.3417085427135678 0.47796051677024876
0.6000000000000001 1.3517587939698492 0.44419636026393816
0.6000000000000001 1.3618090452261307 0.41255323162127105
0.6000000000000001 1.3718592964824121 0.38296303634675943
0.6000000000000001 1.3819095477386936 0.35534584119427315
0.6000000000000001 1.3919597989949748 0.32961340269332157
0.6000000000000001 1.4020100502512562 0.3056721150391065
0.6000000000000001 1.4120603015075377 0.28342543482433186
0.6000000000000001 1.4221105527638191 0.2627758432980626
0.6000000000000001 1.4321608040201006 0.24362640635244368
0.6000000000000001 1.4422110552763818 0.22588198953895508
0.6000000000000001 1.4522613065326633 0.20945018105434537
0.6000000000000001 1.4623115577889447 0.19424197050409384
0.6000000000000001 1.4723618090452262 0.18017222583599377
0.6000000000000001 1.4824120603015076 0.16716000546950077
0.6000000000000001 1.4924623115577889 0.15512873754173226
0.6000000000000001 1.5025125628140703 0.14400629347611585
0.6000000000000001 1.5125628140703518 0.13372497882056444
0.6000000000000001 1.5226130653266332 0.12422146052161435
0.6000000000000001 1.5326633165829147 0.11543664649330095
0.6000000000000001 1.542713567839196 0.10731553048044262
0.6000000000000001 1.5527638190954773 0.09980701277045463
0.6000000000000001 1.5628140703517588 0.09286370523546048
0.6000000000000001 1.5728643216080402 0.08644172744525092
0.6000000000000001 1.5829145728643217 0.08050049914022911
0.6000000000000001 1.5929648241206031 0.07500253315284693
0.6000000000000001 1.6030150753768844 0.06991323188027043
0.6000000000000001 1.6130653266331658 0.06520068960778973
0.6000000000000001 1.6231155778894473 0.06083550233317098
0.6000000000000001 1.6331658291457287 0.05679058622166519
0.6000000000000001 1.6432160804020102 0.053041005408068664
0.6000000000000001 1.6532663316582914 0.04956380953748328
0.6000000000000001 1.6633165829145728 0.04633788118443466
0.6000000000000001 1.6733668341708543 0.04334379309742245
0.6000000000000001 1.6834170854271358 0.04056367507158525
0.6000000000000001 1.6934673366834172 0.03798109014661147
0.6000000000000001 1.7035175879396984 0.03558091975254926
0.6000000000000001 1.7135678391959799 0.03334925737635719
0.6000000000000001 1.7236180904522613 0.03127331029162034
0.6000000000000001 1.7336683417085428 0.029341308878536063
0.6000000000000001 1.7437185929648242 0.02754242305754284
0.6000000000000001 1.7537688442211055 0.02586668536499906
0.6000000000000001 1.763819095477387 0.024304920210836807
0.6000000000000001 1.7738693467336684 0.0228486788742992
0.6000000000000001 1.7839195979899498 0.021490179813276656
0.6000000000000001 1.7939698492462313 0.02022225388425201
0.6000000000000001 1.8040201005025125 0.019038294092556
0.6000000000000001 1.814070351758794 0.017932209515846367
0.6000000000000001 1.8241206030150754 0.016898383066931318
0.6000000000000001 1.8341708542713568 0.015931632784875374
0.6000000000000001 1.8442211055276383 0.015027176365468823
0.6000000000000001 1.8542713567839195 0.01418059866341322
0.6000000000000001 1.864321608040201 0.013387821918836248
0.6000000000000001 1.8743718592964824 0.01264507847992328
0.6000000000000001 1.8844221105527639 0.01194888581148914
0.6000000000000001 1.8944723618090453 0.01129602359620742
0.6000000000000001 1.9045226130653266 0.010683512750968373
0.6000000000000001 1.914572864321608 0.010108596195482364
0.6000000000000001 1.9246231155778895 0.00956872122381987
0.6000000000000001 1.934673366834171 0.009061523342128352
0.6000000000000001 1.9447236180904524 0.008584811447345408
0.6000000000000001 1.9547738693467338 0.00813655423238856
0.6000000000000001 1.964824120603015 0.007714867713105537
0.6000000000000001 1.9748743718592965 0.007318003781268161
0.6000000000000001 1.984924623115578 0.00694433969614681
0.6000000000000001 1.9949748743718594 0.0065923684347626455
0.6000000000000001 2.0050251256281406 0.006260689827835583
0.6000000000000001 2.0150753768844223 0.005948002414774906
0.6000000000000001 2.0251256281407035 0.00565309595684441
0.6000000000000001 2.0351758793969847 0.005374844552918614
0.6000000000000001 2.0452261306532664 0.005112200307072008
0.6000000000000001 2.0552763819095476 0.004864187501647533
0.6000000000000001 2.0653266331658293 0.004629897233469529
0.6000000000000001 2.0753768844221105 0.00440848247453276
0.6000000000000001 2.0854271356783918 0.004199153521842962
0.6000000000000001 2.0954773869346734 0.00400117380413427
0.6000000000000001 2.1055276381909547 0.0038138560159699407
0.6000000000000001 2.1155778894472363 0.003636558552268583
0.6000000000000001 2.1256281407035176 0.003468682218610873
0.6000000000000001 2.135678391959799 0.0033096671947903072
0.6000000000000001 2.1457286432160805 0.0031589902309947858
0.6000000000000001 2.1557788944723617 0.0030161620577598396
0.6000000000000001 2.1658291457286434 0.0028807249924341803
0.6000000000000001 2.1758793969849246 0.0027522507263580184
0.6000000000000001 2.1859296482412063 0.0026303382782862563
0.6000000000000001 2.1959798994974875 0.0025146121008043937
0.6000000000000001 2.2060301507537687 0.002404720327594138
0.6000000000000001 2.2160804020100504 0.002300333150419056
0.6000000000000001 2.2261306532663316 0.0022011413156253824
0.6000000000000001 2.2361809045226133 0.0021068547307983186
0.6000000000000001 2.2462311557788945 0.0020172011729861707
0.6000000000000001 2.2562814070351758 0.001931925090610312
0.6000000000000001 2.2663316582914574 0.001850786491824174
0.6000000000000001 2.2763819095477387 0.0017735599126742566
0.6000000000000001 2.2864321608040203 0.0017000334589559259
0.6000000000000001 2.2964824120603016 0.0016300079161505176
0.6000000000000001 2.306532663316583 0.001563295922282228
0.6000000000000001 2.3165829145728645 0.0014997211989471633
0.6000000000000001 2.3266331658291457 0.0014391178361459478
0.6000000000000001 2.3366834170854274 0.001381329626898538
0.6000000000000001 2.3467336683417086 0.0013262094479383332
0.6000000000000001 2.35678391959799 0.0012736186830743272
0.6000000000000001 2.3668341708542715 0.0012234266860778739
0.6000000000000001 2.3768844221105527 0.0011755102801961153
0.6000000000000001 2.3869346733668344 0.0011297532916195573
0.6000000000000001 2.3969849246231156 0.0010860461144382182
0.6000000000000001 2.407035175879397 0.001044285304810801
0.6000000000000001 2.4170854271356785 0.0010043732022460275
0.6000000000000001 2.4271356783919598 9.662175760557306E-4
0.6000000000000001 2.4371859296482414 9.297312951868906E-4
0.6000000000000001 2.4472361809045227 8.948320197755291E-4
0.6000000000000001 2.457286432160804 8.614419128902869E-4
0.6000000000000001 2.4673366834170856 8.294873710484253E-4
0.6000000000000001 2.477386934673367 7.988987721928855E-4
0.6000000000000001 2.4874371859296485 7.696102399164835E-4
0.6000000000000001 2.4974874371859297 7.415594228092075E-4
0.6000000000000001 2.507537688442211 7.146872878873487E-4
0.6000000000000001 2.5175879396984926 6.889379271395844E-4
0.6000000000000001 2.527638190954774 6.642583762955493E-4
0.6000000000000001 2.5376884422110555 6.405984449874397E-4
0.6000000000000001 2.5477386934673367 6.179105575351833E-4
0.6000000000000001 2.557788944723618 5.961496036411127E-4
0.6000000000000001 2.5678391959798996 5.752727983312706E-4
0.6000000000000001 2.577889447236181 5.552395505277473E-4
0.6000000000000001 2.5879396984924625 5.360113396801956E-4
0.6000000000000001 2.5979899497487438 5.175515999250812E-4
0.6000000000000001 2.608040201005025 4.998256112786305E-4
0.6000000000000001 2.6180904522613067 4.828003974040506E-4
0.6000000000000001 2.628140703517588 4.66444629525637E-4
0.6000000000000001 2.6381909547738696 4.5072853609204045E-4
0.6000000000000001 2.648241206030151 4.3562381781846746E-4
0.6000000000000001 2.658291457286432 4.2110356776304717E-4
0.6000000000000001 2.6683417085427137 4.0714219611620453E-4
0.6000000000000001 2.678391959798995 3.937153594037849E-4
0.6000000000000001 2.6884422110552766 3.80799893824966E-4
0.6000000000000001 2.698492462311558 3.6837375246486805E-4
0.6000000000000001 2.708542713567839 3.564159461392274E-4
0.6000000000000001 2.7185929648241207 3.449064876447799E-4
0.6000000000000001 2.728643216080402 3.3382633920406405E-4
0.6000000000000001 2.7386934673366836 3.231573629073856E-4
0.6000000000000001 2.748743718592965 3.1288227396771077E-4
0.6000000000000001 2.758793969849246 3.029845966163743E-4
0.6000000000000001 2.7688442211055277 2.934486224787572E-4
0.6000000000000001 2.778894472361809 2.842593712795708E-4
0.6000000000000001 2.7889447236180906 2.75402553737147E-4
0.6000000000000001 2.798994974874372 2.6686453651521443E-4
0.6000000000000001 2.809045226130653 2.586323091090971E-4
0.6000000000000001 2.819095477386935 2.506934525511655E-4
0.6000000000000001 2.829145728643216 2.4303610982769958E-4
0.6000000000000001 2.8391959798994977 2.356489579061779E-4
0.6000000000000001 2.849246231155779 2.285211812783872E-4
0.6000000000000001 2.85929648241206 2.2164244693070135E-4
0.6000000000000001 2.869346733668342 2.1500288065843403E-4
0.6000000000000001 2.879396984924623 2.0859304464634933E-4
0.6000000000000001 2.8894472361809047 2.0240391624226298E-4
0.6000000000000001 2.899497487437186 1.9642686785517833E-4
0.6000000000000001 2.909547738693467 1.906536479136261E-4
0.6000000000000001 2.919597989949749 1.8507636282382594E-4
0.6000000000000001 2.92964824120603 1.7968745987096473E-4
0.6000000000000001 2.9396984924623117 1.7447971101035095E-4
0.6000000000000001 2.949748743718593 1.6944619749840605E-4
0.6000000000000001 2.959798994974874 1.645802953164919E-4
0.6000000000000001 2.969849246231156 1.5987566134338123E-4
0.6000000000000001 2.979899497487437 1.553262202348258E-4
0.6000000000000001 2.9899497487437188 1.5092615197114531E-4
0.6000000000000001 3.0 1.4666988003608753E-4
0.6000000000000001 3.0100502512562817 1.4255206019236192E-4
0.6000000000000001 3.020100502512563 1.3856756982130356E-4
0.6000000000000001 3.030150753768844 1.3471149779601158E-4
0.6000000000000001 3.040201005025126 1.3097913485910444E-4
0.6000000000000001 3.050251256281407 1.2736596447790848E-4
0.6000000000000001 3.0603015075376887 1.2386765415146116E-4
0.6000000000000001 3.07035175879397 1.204800471451965E-4
0.6000000000000001 3.080402010050251 1.1719915463055554E-4
0.6000000000000001 3.090452261306533 1.1402114820806893E-4
0.6000000000000001 3.100502512562814 1.1094235279367694E-4
0.6000000000000001 3.1105527638190957 1.0795923984920163E-4
0.6000000000000001 3.120603015075377 1.0506842093895862E-4
0.6000000000000001 3.130653266331658 1.0226664159551204E-4
0.6000000000000001 3.14070351758794 9.955077547852587E-5
0.6000000000000001 3.150753768844221 9.691781881155989E-5
0.6000000000000001 3.1608040201005028 9.436488508249866E-5
0.6000000000000001 3.170854271356784 9.188919999409686E-5
0.6000000000000001 3.180904522613065 8.948809665186447E-5
0.6000000000000001 3.190954773869347 8.71590109772194E-5
0.6000000000000001 3.201005025125628 8.489947733449615E-5
0.6000000000000001 3.21105527638191 8.270712436101441E-5
0.6000000000000001 3.221105527638191 8.057967099000473E-5
0.6000000000000001 3.2311557788944723 7.851492265673431E-5
0.6000000000000001 3.241206030150754 7.651076767869694E-5
0.6000000000000001 3.251256281407035 7.456517380122091E-5
0.6000000000000001 3.261306532663317 7.267618490031136E-5
0.6000000000000001 3.271356783919598 7.084191783497642E-5
0.6000000000000001 3.2814070351758793 6.906055944169961E-5
0.6000000000000001 3.291457286432161 6.733036366410646E-5
0.6000000000000001 3.301507537688442 6.564964881123981E-5
0.6000000000000001 3.311557788944724 6.401679493820355E-5
0.6000000000000001 3.321608040201005 6.243024134325767E-5
0.6000000000000001 3.3316582914572863 6.088848417575917E-5
0.6000000000000001 3.341708542713568 5.939007414962959E-5
0.6000000000000001 3.351758793969849 5.7933614357307746E-5
0.6000000000000001 3.361809045226131 5.6517758179401796E-5
0.6000000000000001 3.371859296482412 5.5141207285504224E-5
0.6000000000000001 3.3819095477386933 5.3802709721860096E-5
0.6000000000000001 3.391959798994975 5.250105808180178E-5
0.6000000000000001 3.4020100502512562 5.123508775506808E-5
0.6000000000000001 3.412060301507538 5.0003675252322145E-5
0.6000000000000001 3.422110552763819 4.8805736601368155E-5
0.6000000000000001 3.4321608040201004 4.764022581174158E-5
0.6000000000000001 3.442211055276382 4.650613340451369E-5
0.6000000000000001 3.4522613065326633 4.5402485004309314E-5
0.6000000000000001 3.462311557788945 4.432833999068261E-5
0.6000000000000001 3.472361809045226 4.328279020614019E-5
0.6000000000000001 3.4824120603015074 4.226495871823151E-5
0.6000000000000001 3.492462311557789 4.127399863325386E-5
0.6000000000000001 3.5025125628140703 4.0309091959239306E-5
0.6000000000000001 3.512562814070352 3.9369448516003534E-5
0.6000000000000001 3.522613065326633 3.8454304890145494E-5
0.6000000000000001 3.5326633165829144 3.756292343298698E-5
0.6000000000000001 3.542713567839196 3.669459129953981E-5
0.6000000000000001 3.5527638190954773 3.5848619526678994E-5
0.6000000000000001 3.562814070351759 3.502434214878697E-5
0.6000000000000001 3.5728643216080402 3.422111534921828E-5
0.6000000000000001 3.5829145728643215 3.343831664601034E-5
0.6000000000000001 3.592964824120603 3.2675344110341616E-5
0.6000000000000001 3.6030150753768844 3.193161561630939E-5
0.6000000000000001 3.613065326633166 3.1206568120665264E-5
0.6000000000000001 3.6231155778894473 3.0499656971211198E-5
0.6000000000000001 3.6331658291457285 2.9810355242618817E-5
0.6000000000000001 3.64321608040201 2.9138153098493133E-5
0.6000000000000001 3.6532663316582914 2.848255717855493E-5
0.6000000000000001 3.663316582914573 2.7843090009869476E-5
0.6000000000000001 3.6733668341708543 2.721928944109781E-5
0.6000000000000001 3.6834170854271355 2.661070809879386E-5
0.6000000000000001 3.693467336683417 2.6016912864815605E-5
0.6000000000000001 3.7035175879396984 2.543748437396033E-5
0.6000000000000001 3.71356783919598 2.4872016530975158E-5
0.6000000000000001 3.7236180904522613 2.432011604613174E-5
0.6000000000000001 3.7336683417085426 2.3781401988591084E-5
0.6000000000000001 3.7437185929648242 2.32555053568189E-5
0.6000000000000001 3.7537688442211055 2.274206866534523E-5
0.6000000000000001 3.763819095477387 2.224074554719353E-5
0.6000000000000001 3.7738693467336684 2.1751200371334263E-5
0.6000000000000001 3.7839195979899496 2.1273107874547034E-5
0.6000000000000001 3.7939698492462313 2.0806152807102062E-5
0.6000000000000001 3.8040201005025125 2.0350029591698016E-5
0.6000000000000001 3.814070351758794 1.9904441995118163E-5
0.6000000000000001 3.8241206030150754 1.9469102812089476E-5
0.6000000000000001 3.8341708542713566 1.9043733560853005E-5
0.6000000000000001 3.8442211055276383 1.8628064189974244E-5
0.6000000000000001 3.8542713567839195 1.8221832795943237E-5
0.6000000000000001 3.864321608040201 1.782478535113293E-5
0.6000000000000001 3.8743718592964824 1.743667544170408E-5
0.6000000000000001 3.884422110552764 1.705726401506102E-5
0.6000000000000001 3.8944723618090453 1.6686319136481072E-5
0.6000000000000001 3.9045226130653266 1.632361575455567E-5
0.6000000000000001 3.9145728643216082 1.5968935475096594E-5
0.6000000000000001 3.9246231155778895 1.5622066343175833E-5
0.6000000000000001 3.934673366834171 1.528280263298119E-5
0.6000000000000001 3.9447236180904524 1.4950944645183617E-5
0.6000000000000001 3.9547738693467336 1.4626298511524239E-5
0.6000000000000001 3.9648241206030153 1.4308676006342276E-5
0.6000000000000001 3.9748743718592965 1.399789436477563E-5
0.6000000000000001 3.984924623115578 1.369377610737799E-5
0.6000000000000001 3.9949748743718594 1.3396148870906359E-5
0.6000000000000001 4.005025125628141 1.3104845245043106E-5
0.6000000000000001 4.015075376884422 1.2819702614826823E-5
0.6000000000000001 4.025125628140704 1.2540563008574772E-5
0.6000000000000001 4.035175879396985 1.226727295108958E-5
0.6000000000000001 4.045226130653266 1.1999683321950125E-5
0.6000000000000001 4.055276381909548 1.173764921869597E-5
0.6000000000000001 4.065326633165829 1.148102982472134E-5
0.6000000000000001 4.075376884422111 1.1229688281702683E-5
0.6000000000000001 4.085427135678392 1.0983491566391035E-5
0.6000000000000001 4.0954773869346734 1.0742310371606482E-5
0.6000000000000001 4.105527638190955 1.0506018991279566E-5
0.6000000000000001 4.115577889447236 1.0274495209389683E-5
0.6000000000000001 4.125628140703518 1.0047620192657295E-5
0.6000000000000001 4.135678391959799 9.825278386851867E-6
0.6000000000000001 4.1457286432160805 9.607357416583307E-6
0.6000000000000001 4.155778894472362 9.39374798844975E-6
0.6000000000000001 4.165829145728643 9.184343797419456E-6
0.6000000000000001 4.175879396984925 8.97904143632965E-6
0.6000000000000001 4.185929648241206 8.777740308389312E-6
0.6000000000000001 4.1959798994974875 8.580342542577808E-6
0.6000000000000001 4.206030150753769 8.386752911835094E-6
0.6000000000000001 4.21608040201005 8.196878753943406E-6
0.6000000000000001 4.226130653266332 8.010629895004243E-6
0.6000000000000001 4.236180904522613 7.827918575418163E-6
0.6000000000000001 4.2462311557788945 7.648659378278282E-6
0.6000000000000001 4.256281407035176 7.4727691600921925E-6
0.6000000000000001 4.266331658291457 7.300166983749758E-6
0.6000000000000001 4.276381909547739 7.13077405365788E-6
0.6000000000000001 4.28643216080402 6.9645136529659114E-6
0.6000000000000001 4.296482412060302 6.801311082808629E-6
0.6000000000000001 4.306532663316583 6.641093603496165E-6
0.6000000000000001 4.316582914572864 6.4837903775833E-6
0.6000000000000001 4.326633165829146 6.329332414752455E-6
0.6000000000000001 4.336683417085427 6.177652518448062E-6
0.6000000000000001 4.346733668341709 6.02868523420136E-6
0.6000000000000001 4.35678391959799 5.882366799587784E-6
0.6000000000000001 4.366834170854271 5.738635095760644E-6
0.6000000000000001 4.376884422110553 5.597429600507159E-6
0.6000000000000001 4.386934673366834 5.458691342775048E-6
0.6000000000000001 4.396984924623116 5.322362858619248E-6
0.6000000000000001 4.407035175879397 5.188388148520948E-6
0.6000000000000001 4.417085427135678 5.056712636032124E-6
0.6000000000000001 4.42713567839196 4.927283127701036E-6
0.6000000000000001 4.437185929648241 4.8000477742354875E-6
0.6000000000000001 4.447236180904523 4.6749560328622074E-6
0.6000000000000001 4.457286432160804 4.551958630842447E-6
0.6000000000000001 4.467336683417085 4.431007530105051E-6
0.6000000000000001 4.477386934673367 4.312055892959843E-6
0.6000000000000001 4.4874371859296485 4.195058048855467E-6
0.6000000000000001 4.49748743718593 4.07996946214704E-6
0.6000000000000001 4.507537688442211 3.966746700840254E-6
0.6000000000000001 4.517587939698492 3.8553474062798635E-6
0.6000000000000001 4.527638190954774 3.7457302637513836E-6
0.6000000000000001 4.5376884422110555 3.6378549739662066E-6
0.6000000000000001 4.547738693467337 3.5316822254011753E-6
0.6000000000000001 4.557788944723618 3.4271736674648596E-6
0.6000000000000001 4.567839195979899 3.324291884463558E-6
0.6000000000000001 4.577889447236181 3.223000370341235E-6
0.6000000000000001 4.5879396984924625 3.123263504168241E-6
0.6000000000000001 4.597989949748744 3.025046526354769E-6
0.6000000000000001 4.608040201005025 2.928315515565704E-6
0.6000000000000001 4.618090452261306 2.8330373663143797E-6
0.6000000000000001 4.628140703517588 2.7391797672135183E-6
0.6000000000000001 4.63819095477387 2.6467111798624104E-6
0.6000000000000001 4.648241206030151 2.555600818350067E-6
0.6000000000000001 4.658291457286432 2.4658186293548076E-6
0.6000000000000001 4.668341708542713 2.3773352728214023E-6
0.6000000000000001 4.678391959798995 2.2901221031975557E-6
0.6000000000000001 4.688442211055277 2.20415115121208E-6
0.6000000000000001 4.698492462311558 2.1193951061777924E-6
0.6000000000000001 4.708542713567839 2.0358272988026672E-6
0.6000000000000001 4.71859296482412 1.953421684493368E-6
0.6000000000000001 4.728643216080402 1.87215282713585E-6
0.6000000000000001 4.738693467336684 1.7919958833381455E-6
0.6000000000000001 4.748743718592965 1.7129265871210647E-6
0.6000000000000001 4.758793969849246 1.6349212350429046E-6
0.6000000000000001 4.768844221105527 1.5579566717448446E-6
0.6000000000000001 4.778894472361809 1.482010275904014E-6
0.6000000000000001 4.788944723618091 1.4070599465817848E-6
0.6000000000000001 4.798994974874372 1.3330840899551459E-6
0.6000000000000001 4.809045226130653 1.2600616064194925E-6
0.6000000000000001 4.819095477386934 1.187971878051504E-6
0.6000000000000001 4.8291457286432165 1.116794756421182E-6
0.6000000000000001 4.839195979899498 1.0465105507424538E-6
0.6000000000000001 4.849246231155779 9.771000163521203E-7
0.6000000000000001 4.85929648241206 9.08544343507246E-7
0.6000000000000001 4.869346733668341 8.408251464914146E-7
0.6000000000000001 4.8793969849246235 7.739244530205753E-7
0.6000000000000001 4.889447236180905 7.078246939395292E-7
0.6000000000000001 4.899497487437186 6.425086932003655E-7
0.6000000000000001 4.909547738693467 5.779596581144622E-7
0.6000000000000001 4.919597989949748 5.141611698699152E-7
0.6000000000000001 4.9296482412060305 4.5109717430654136E-7
0.6000000000000001 4.939698492462312 3.8875197294083617E-7
0.6000000000000001 4.949748743718593 3.2711021423351063E-7
0.6000000000000001 4.959798994974874 2.661568850924835E-7
0.6000000000000001 4.969849246231155 2.0587730260440943E-7
0.6000000000000001 4.9798994974874375 1.4625710598805964E-7
0.6000000000000001 4.989949748743719 8.728224876307404E-8
0.6000000000000001 5.0 2.8938991127810964E-8
0.6000000000000001 5.010050251256281 -3.559876119943075E-8

0.4000000000000001 -0.005025125628140704 -0.006243489824170118
0.4000000000000001 0.005025125628140704 0.003571784706131364
0.4000000000000001 0.01507537688442211 0.006477499854422019
0.4000000000000001 0.02512562814070352 0.008704686943309805
0.4000000000000001 0.035175879396984924 0.010694734612586446
0.4000000000000001 0.04522613065326633 0.012574867645899787
0.4000000000000001 0.05527638190954774 0.014403913020146677
0.4000000000000001 0.06532663316582915 0.01621563199893023
0.4000000000000001 0.07537688442211056 0.0180322235920774
0.4000000000000001 0.08542713567839195 0.019869792903916175
0.4000000000000001 0.09547738693467336 0.021740950799879248
0.4000000000000001 0.10552763819095477 0.023656195055022727
0.4000000000000001 0.11557788944723618 0.025624707812821296
0.4000000000000001 0.12562814070351758 0.027654847500181646
0.4000000000000001 0.135678391959799 0.029754469491896494
0.4000000000000001 0.1457286432160804 0.031931145461738544
0.4000000000000001 0.15577889447236182 0.03419232012855571
0.4000000000000001 0.1658291457286432 0.0365454279229383
0.4000000000000001 0.17587939698492464 0.03899798324531577
0.4000000000000001 0.18592964824120603 0.04155765291350937
0.4000000000000001 0.19597989949748745 0.044232316374380284
0.4000000000000001 0.20603015075376885 0.047030117388786846
0.4000000000000001 0.21608040201005024 0.04995950971185546
0.4000000000000001 0.22613065326633167 0.053029298513168746
0.4000000000000001 0.23618090452261306 0.056248678758455246
0.4000000000000001 0.24623115577889448 0.05962727141292794
0.4000000000000001 0.2562814070351759 0.06317515806960482
0.4000000000000001 0.2663316582914573 0.06690291441791296
0.4000000000000001 0.2763819095477387 0.0708216428255128
0.4000000000000001 0.2864321608040201 0.07494300419439939
0.4000000000000001 0.2964824120603015 0.07927924916071595
0.4000000000000001 0.3065326633165829 0.0838432486293681
0.4000000000000001 0.3165829145728643 0.08864852356460856
0.4000000000000001 0.32663316582914576 0.09370927389286772
0.4000000000000001 0.33668341708542715 0.09904040631183256
0.4000000000000001 0.34673366834170855 0.10465756073849002
0.4000000000000001 0.35678391959798994 0.11057713506747709
0.4000000000000001 0.36683417085427134 0.11681630784901664
0.4000000000000001 0.3768844221105528 0.12339305843284276
0.4000000000000001 0.3869346733668342 0.13032618406109514
0.4000000000000001 0.3969849246231156 0.1376353133299737
0.4000000000000001 0.40703517587939697 0.14534091537824448
0.4000000000000001 0.4170854271356784 0.15346430410235584
0.4000000000000001 0.4271356783919598 0.1620276366455182
0.4000000000000001 0.4371859296482412 0.17105390536496587
0.4000000000000001 0.4472361809045226 0.18056692245204317
0.4000000000000001 0.457286432160804 0.1905912963690592
0.4000000000000001 0.46733668341708545 0.20115239928154993
0.4000000000000001 0.47738693467336685 0.21227632471245644
0.4000000000000001 0.48743718592964824 0.2239898347349438
0.4000000000000001 0.49748743718592964 0.23632029616365507
0.4000000000000001 0.507537688442211 0.24929560541192297
0.4000000000000001 0.5175879396984925 0.26294410196765344
0.4000000000000001 0.5276381909547738 0.277294470816578
0.4000000000000001 0.5376884422110553 0.2923756346213654
0.4000000000000001 0.5477386934673367 0.30821663706016933
0.4000000000000001 0.5577889447236181 0.3248465194465557
0.4000000000000001 0.5678391959798995 0.3422941935962968
0.4000000000000001 0.577889447236181 0.36058831486731396
0.4000000000000001 0.5879396984924623 0.37975716035438994
0.4000000000000001 0.5979899497487438 0.3998285183260898
0.4000000000000001 0.6080402010050251 0.4208295960739853
0.4000000000000001 0.6180904522613065 0.4427869542899274
0.4000000000000001 0.628140703517588 0.4657264767293865
0.4000000000000001 0.6381909547738693 0.48967338402390836
0.4000000000000001 0.6482412060301508 0.514652299756358
0.4000000000000001 0.6582914572864321 0.5406873748911063
0.4000000000000001 0.6683417085427136 0.5678024728248287
0.4000000000000001 0.678391959798995 0.5960214110332616
0.4000000000000001 0.6884422110552764 0.6253682457505255
0.4000000000000001 0.6984924623115578 0.6558675724373234
0.4000000000000001 0.7085427135678392 0.6875447960170863
0.4000000000000001 0.7185929648241206 0.72042630005633
0.4000000000000001 0.7286432160804021 0.7545394124866407
0.4000000000000001 0.7386934673366834 0.7899120267742852
0.4000000000000001 0.7487437185929648 0.8265716920635922
0.4000000000000001 0.7587939698492463 0.8645439354209903
0.4000000000000001 0.7688442211055276 0.9038495274433913
0.4000000000000001 0.7788944723618091 0.9445003554175477
0.4000000000000001 0.7889447236180904 0.9864935358213462
0.4000000000000001 0.7989949748743719 1.0298033948075838
0.4000000000000001 0.8090452261306533 1.0743709915823185
0.4000000000000001 0.8190954773869347 1.1200909816715077
0.4000000000000001 0.8291457286432161 1.1667958473857452
0.4000000000000001 0.8391959798994975 1.2142378982215558
0.4000000000000001 0.8492462311557789 1.262070001941926
0.4000000000000001 0.8592964824120604 1.309826778408675
0.4000000000000001 0.8693467336683417 1.3569089848328004
0.4000000000000001 0.8793969849246231 1.4025750176732803
0.4000000000000001 0.8894472361809045 1.4459447642435195
0.4000000000000001 0.8994974874371859 1.4860222690437639
0.4000000000000001 0.9095477386934674 1.5217445063169235
0.4000000000000001 0.9195979899497487 1.5520634473725439
0.4000000000000001 0.9296482412060302 1.5760668041664343
0.4000000000000001 0.9396984924623115 1.5931382390913318
0.4000000000000001 0.949748743718593 1.603149024155837
0.4000000000000001 0.9597989949748744 1.6066583067279905
0.4000000000000001 0.9698492462311558 1.6050761292392721
0.4000000000000001 0.9798994974874372 1.6007096932944798
0.4000000000000001 0.9899497487437187 1.5965664144923193
0.4000000000000001 1.0 1.5957244547402847
0.4000000000000001 1.0100502512562815 1.6000002794308479
0.4000000000000001 1.020100502512563 1.607541567848298
0.4000000000000001 1.0301507537688441 1.6152096774601468
0.4000000000000001 1.0402010050251256 1.6199149832994966
0.4000000000000001 1.050251256281407 1.6192602192789924
0.4000000000000001 1.0603015075376885 1.6117523084761172
0.4000000000000001 1.07035175879397 1.5967670828840164
0.4000000000000001 1.0804020100502514 1.574391862271836
0.4000000000000001 1.0904522613065326 1.5452259165463258
0.4000000000000001 1.100502512562814 1.510186082150037
0.4000000000000001 1.1105527638190955 1.4703419624761653
0.4000000000000001 1.120603015075377 1.4267900715675297
0.4000000000000001 1.1306532663316584 1.3805670589271304
0.4000000000000001 1.1407035175879396 1.3325971380619226
0.4000000000000001 1.150753768844221 1.2836666893312294
0.4000000000000001 1.1608040201005025 1.2344186707941545
0.4000000000000001 1.170854271356784 1.1853601709708423
0.4000000000000001 1.1809045226130654 1.1368776286256987
0.4000000000000001 1.1909547738693467 1.0892555689247885
0.4000000000000001 1.2010050251256281 1.0426959490127117
0.4000000000000001 1.2110552763819096 0.9973362598626332
0.4000000000000001 1.221105527638191 0.9532653562234281
0.4000000000000001 1.2311557788944725 0.9105365872219802
0.4000000000000001 1.2412060301507537 0.8691782049424184
0.4000000000000001 1.2512562814070352 0.8292012752618245
0.4000000000000001 1.2613065326633166 0.7906054436683372
0.4000000000000001 1.271356783919598 0.7533829541674155
0.4000000000000001 1.2814070351758795 0.7175213109841527
0.4000000000000001 1.2914572864321607 0.6830049331618956
0.4000000000000001 1.3015075376884422 0.6498160976427253
0.4000000000000001 1.3115577889447236 0.6179354079926062
0.4000000000000001 1.321608040201005 0.5873419704244559
0.4000000000000001 1.3316582914572865 0.5580134099062641
0.4000000000000001 1.3417085427135678 0.5299258184988567
0.4000000000000001 1.3517587939698492 0.5030536958346318
0.4000000000000001 1.3618090452261307 0.4773699171861342
0.4000000000000001 1.3718592964824121 0.45284574682467604
0.4000000000000001 1.3819095477386936 0.42945090213091086
0.4000000000000001 1.3919597989949748 0.40715366601045233
0.4000000000000001 1.4020100502512562 0.3859210405241512
0.4000000000000001 1.4120603015075377 0.3657189323610881
0.4000000000000001 1.4221105527638191 0.34651236012974046
0.4000000000000001 1.4321608040201006 0.32826567384810335
0.4000000000000001 1.4422110552763818 0.31094277804786735
0.4000000000000001 1.4522613065326633 0.29450735126146504
0.4000000000000001 1.4623115577889447 0.27892305611937357
0.4000000000000001 1.4723618090452262 0.26415373570820316
0.4000000000000001 1.4824120603015076 0.25016359314252523
0.4000000000000001 1.4924623115577889 0.23691735243974898
0.4000000000000001 1.5025125628140703 0.2243803997400791
0.4000000000000001 1.5125628140703518 0.21251890468333354
0.4000000000000001 1.5226130653266332 0.20129992235327884
0.4000000000000001 1.5326633165829147 0.19069147664646421
0.4000000000000001 1.542713567839196 0.1806626262375666
0.4000000000000001 1.5527638190954773 0.17118351451854338
0.4000000000000001 1.5628140703517588 0.1622254050051052
0.4000000000000001 1.5728643216080402 0.15376070374985273
0.4000000000000001 1.5829145728643217 0.1457629702933424
0.4000000000000001 1.5929648241206031 0.13820691863634865
0.4000000000000001 1.6030150753768844 0.13106840964037178
0.4000000000000001 1.6130653266331658 0.12432443616846851
0.4000000000000001 1.6231155778894473 0.11795310217234478
0.4000000000000001 1.6331658291457287 0.11193359682021856
0.4000000000000001 1.6432160804020102 0.10624616464767268
0.4000000000000001 1.6532663316582914 0.10087207260391215
0.4000000000000001 1.6633165829145728 0.09579357476077491
0.4000000000000001 1.6733668341708543 0.0909938753531327
0.4000000000000001 1.6834170854271358 0.08645709072787965
0.4000000000000001 1.6934673366834172 0.08216821069504854
0.4000000000000001 1.7035175879396984 0.07811305969885782
0.4000000000000001 1.7135678391959799 0.07427825815856504
0.4000000000000001 1.7236180904522613 0.07065118426858587
0.4000000000000001 1.7336683417085428 0.06721993649403007
0.4000000000000001 1.7437185929648242 0.06397329695109888
0.4000000000000001 1.7537688442211055 0.06090069582116635
0.4000000000000001 1.763819095477387 0.05799217691227727
0.4000000000000001 1.7738693467336684 0.055238364451687866
0.4000000000000001 1.7839195979899498 0.05263043116744093
0.4000000000000001 1.7939698492462313 0.0501600676953017
0.4000000000000001 1.8040201005025125 0.04781945332921112
0.4000000000000001 1.814070351758794 0.04560122811832934
0.4000000000000001 1.8241206030150754 0.04349846630133401
0.4000000000000001 1.8341708542713568 0.04150465105856437
0.4000000000000001 1.8442211055276383 0.03961365055453553
0.4000000000000001 1.8542713567839195 0.03781969523701316
0.4000000000000001 1.864321608040201 0.03611735635397179
0.4000000000000001 1.8743718592964824 0.034501525646155475
0.4000000000000001 1.8844221105527639 0.032967396170399975
0.4000000000000001 1.8944723618090453 0.03151044420721655
0.4000000000000001 1.9045226130653266 0.03012641220520289
0.4000000000000001 1.914572864321608 0.028811292714532373
0.4000000000000001 1.9246231155778895 0.027561313261951246
0.4000000000000001 1.934673366834171 0.02637292212029552
0.4000000000000001 1.9447236180904524 0.025242774926447224
0.4000000000000001 1.9547738693467338 0.024167722102803612
0.4000000000000001 1.964824120603015 0.023144797038687326
0.4000000000000001 1.9748743718592965 0.022171204989618564
0.4000000000000001 1.984924623115578 0.02124431265396865
0.4000000000000001 1.9949748743718594 0.020361638388179358
0.4000000000000001 2.0050251256281406 0.01952084302343675
0.4000000000000001 2.0150753768844223 0.018719721248408042
0.4000000000000001 2.0251256281407035 0.017956193524364943
0.4000000000000001 2.0351758793969847 0.01722829850071413
0.4000000000000001 2.0452261306532664 0.01653418590061932
0.4000000000000001 2.0552763819095476 0.01587210984802294
0.4000000000000001 2.0653266331658293 0.015240422608949747
0.4000000000000001 2.0753768844221105 0.014637568721495074
0.4000000000000001 2.0854271356783918 0.014062079490362268
0.4000000000000001 2.0954773869346734 0.013512567823215384
0.4000000000000001 2.1055276381909547 0.012987723387452993
0.4000000000000001 2.1155778894472363 0.012486308067284603
0.4000000000000001 2.1256281407035176 0.012007151702206245
0.4000000000000001 2.135678391959799 0.01154914808912301
0.4000000000000001 2.1457286432160805 0.011111251231458367
0.4000000000000001 2.1557788944723617 0.010692471819621924
0.4000000000000001 2.1658291457286434 0.01029187392818236
0.4000000000000001 2.1758793969849246 0.009908571916011803
0.4000000000000001 2.1859296482412063 0.009541727516533902
0.4000000000000001 2.1959798994974875 0.009190547106024105
0.4000000000000001 2.2060301507537687 0.008854279138675713
0.4000000000000001 2.2160804020100504 0.008532211737867518
0.4000000000000001 2.2261306532663316 0.008223670433743408
0.4000000000000001 2.2361809045226133 0.007928016037849832
0.4000000000000001 2.2462311557788945 0.007644642646171564
0.4000000000000001 2.2562814070351758 0.007372975762463595
0.4000000000000001 2.2663316582914574 0.007112470534299776
0.4000000000000001 2.2763819095477387 0.006862610094747223
0.4000000000000001 2.2864321608040203 0.006622904003033606
0.4000000000000001 2.2964824120603016 0.006392886778002875
0.4000000000000001 2.306532663316583 0.0061721165185552335
0.4000000000000001 2.3165829145728645 0.005960173605642152
0.4000000000000001 2.3266331658291457 0.005756659480737721
0.4000000000000001 2.3366834170854274 0.005561195496034496
0.4000000000000001 2.3467336683417086 0.005373421831919285
0.4000000000000001 2.35678391959799 0.005192996477569177
0.4000000000000001 2.3668341708542715 0.005019594270776584
0.4000000000000001 2.3768844221105527 0.004852905993361226
0.4000000000000001 2.3869346733668344 0.004692637518760872
0.4000000000000001 2.3969849246231156 0.00453850900861063
0.4000000000000001 2.407035175879397 0.004390254155324328
0.4000000000000001 2.4170854271356785 0.004247619467882262
0.4000000000000001 2.4271356783919598 0.0041103635982072265
0.4000000000000001 2.4371859296482414 0.003978256705677205
0.4000000000000001 2.4472361809045227 0.0038510798574783365
0.4000000000000001 2.457286432160804 0.003728624462647184
0.4000000000000001 2.4673366834170856 0.0036106917377866647
0.4000000000000001 2.477386934673367 0.003497092202567271
0.4000000000000001 2.4874371859296485 0.0033876452032432585
0.4000000000000001 2.4974874371859297 0.0032821784625247513
0.4000000000000001 2.507537688442211 0.0031805276542499336
0.4000000000000001 2.5175879396984926 0.003082536001398626
0.4000000000000001 2.527638190954774 0.002988053896078943
0.4000000000000001 2.5376884422110555 0.002896938540203539
0.4000000000000001 2.5477386934673367 0.0028090536056511813
0.4000000000000001 2.557788944723618 0.0027242689127834237
0.4000000000000001 2.5678391959798996 0.0026424601262556775
0.4000000000000001 2.577889447236181 0.0025635084671266663
0.4000000000000001 2.5879396984924625 0.002487300440331206
0.4000000000000001 2.5979899497487438 0.0024137275766379545
0.4000000000000001 2.608040201005025 0.002342686188267072
0.4000000000000001 2.6180904522613067 0.002274077137392606
0.4000000000000001 2.628140703517588 0.0022078056168010627
0.4000000000000001 2.6381909547738696 0.0021437809420213356
0.4000000000000001 2.648241206030151 0.002081916354282228
0.4000000000000001 2.658291457286432 0.00202212883369211
0.4000000000000001 2.6683417085427137 0.001964338922071256
0.4000000000000001 2.678391959798995 0.0019084705549011866
0.4000000000000001 2.6884422110552766 0.0018544509018868776
0.4000000000000001 2.698492462311558 0.001802210215657504
0.4000000000000001 2.708542713567839 0.0017516816881589985
0.4000000000000001 2.7185929648241207 0.0017028013143180103
0.4000000000000001 2.728643216080402 0.0016555077625812049
0.4000000000000001 2.7386934673366836 0.0016097422519568748
0.4000000000000001 2.748743718592965 0.0015654484352074132
0.4000000000000001 2.758793969849246 0.001522572287861422
0.4000000000000001 2.7688442211055277 0.001481062002733292
0.4000000000000001 2.778894472361809 0.0014408678896559264
0.4000000000000001 2.7889447236180906 0.0014019422801490795
0.4000000000000001 2.798994974874372 0.0013642394367615533
0.4000000000000001 2.809045226130653 0.0013277154668402849
0.4000000000000001 2.819095477386935 0.0012923282404933688
0.4000000000000001 2.829145728643216 0.0012580373125270694
0.4000000000000001 2.8391959798994977 0.0012248038481492585
0.4000000000000001 2.849246231155779 0.0011925905522432818
0.4000000000000001 2.85929648241206 0.0011613616020271621
0.4000000000000001 2.869346733668342 0.0011310825829233123
0.4000000000000001 2.879396984924623 0.0011017204274735724
0.4000000000000001 2.8894472361809047 0.0010732433571435064
0.4000000000000001 2.899497487437186 0.0010456208268684133
0.4000000000000001 2.909547738693467 0.0010188234722016006
0.4000000000000001 2.919597989949749 9.928230589330532E-4
0.4000000000000001 2.92964824120603 9.675924350537686E-4
0.4000000000000001 2.9396984924623117 9.431054849478083E-4
0.4000000000000001 2.949748743718593 9.193370857004154E-4
0.4000000000000001 2.959798994974874 8.962630654165997E-4
0.4000000000000001 2.969849246231156 8.738601634501917E-4
0.4000000000000001 2.979899497487437 8.52105992448735E-4
0.4000000000000001 2.9899497487437188 8.309790021245557E-4
0.4000000000000001 3.0 8.1045844466718E-4
0.4000000000000001 3.0100502512562817 7.90524341716623E-4
0.4000000000000001 3.020100502512563 7.7115745282144E-4
0.4000000000000001 3.030150753768844 7.523392453092797E-4
0.4000000000000001 3.040201005025126 7.340518655015401E-4
0.4000000000000001 3.050251256281407 7.162781112072593E-4
0.4000000000000001 3.0603015075376887 6.990014054346959E-4
0.4000000000000001 3.07035175879397 6.82205771262291E-4
0.4000000000000001 3.080402010050251 6.658758078136489E-4
0.4000000000000001 3.090452261306533 6.499966672840456E-4
0.4000000000000001 3.100502512562814 6.345540329686285E-4
0.4000000000000001 3.1105527638190957 6.195340982450284E-4
0.4000000000000001 3.120603015075377 6.049235464654839E-4
0.4000000000000001 3.130653266331658 5.907095317158569E-4
0.4000000000000001 3.14070351758794 5.768796604010611E-4
0.4000000000000001 3.150753768844221 5.634219736184514E-4
0.4000000000000001 3.1608040201005028 5.503249302826511E-4
0.4000000000000001 3.170854271356784 5.375773909671083E-4
0.4000000000000001 3.180904522613065 5.251686024293959E-4
0.4000000000000001 3.190954773869347 5.130881827888985E-4
0.4000000000000001 3.201005025125628 5.013261073270948E-4
0.4000000000000001 3.21105527638191 4.898726948820635E-4
0.4000000000000001 3.221105527638191 4.7871859481028115E-4
0.4000000000000001 3.2311557788944723 4.678547744900601E-4
0.4000000000000001 3.241206030150754 4.5727250734223023E-4
0.4000000000000001 3.251256281407035 4.4696336134484964E-4
0.4000000000000001 3.261306532663317 4.3691918801985893E-4
0.4000000000000001 3.271356783919598 4.271321118706386E-4
0.4000000000000001 3.2814070351758793 4.1759452025045326E-4
0.4000000000000001 3.291457286432161 4.082990536427145E-4
0.4000000000000001 3.301507537688442 3.9923859633490496E-4
0.4000000000000001 3.311557788944724 3.904062674688696E-4
0.4000000000000001 3.321608040201005 3.817954124509863E-4
0.4000000000000001 3.3316582914572863 3.733995947065267E-4
0.4000000000000001 3.341708542713568 3.6521258776322954E-4
0.4000000000000001 3.351758793969849 3.5722836764983485E-4
0.4000000000000001 3.361809045226131 3.4944110559596505E-4
0.4000000000000001 3.371859296482412 3.4184516102040043E-4
0.4000000000000001 3.3819095477386933 3.3443507479537346E-4
0.4000000000000001 3.391959798994975 3.2720556277508934E-4
0.4000000000000001 3.4020100502512562 3.2015150957722316E-4
0.4000000000000001 3.412060301507538 3.1326796260665226E-4
0.4000000000000001 3.422110552763819 3.0655012631118227E-4
0.4000000000000001 3.4321608040201004 2.999933566594858E-4
0.4000000000000001 3.442211055276382 2.9359315583191907E-4
0.4000000000000001 3.4522613065326633 2.873451671153096E-4
0.4000000000000001 3.462311557788945 2.81245169993192E-4
0.4000000000000001 3.472361809045226 2.7528907542337844E-4
0.4000000000000001 3.4824120603015074 2.69472921295091E-4
0.4000000000000001 3.492462311557789 2.637928680582425E-4
0.4000000000000001 3.5025125628140703 2.5824519451777845E-4
0.4000000000000001 3.512562814070352 2.5282629378630653E-4
0.4000000000000001 3.522613065326633 2.475326693885447E-4
0.4000000000000001 3.5326633165829144 2.4236093151139523E-4
0.4000000000000001 3.542713567839196 2.373077933937328E-4
0.4000000000000001 3.5527638190954773 2.323700678502495E-4
0.4000000000000001 3.562814070351759 2.2754466392394465E-4
0.4000000000000001 3.5728643216080402 2.228285836620881E-4
0.4000000000000001 3.5829145728643215 2.1821891901070722E-4
0.4000000000000001 3.592964824120603 2.1371284882285526E-4
0.4000000000000001 3.6030150753768844 2.0930763597614078E-4
0.4000000000000001 3.613065326633166 2.05000624595171E-4
0.4000000000000001 3.6231155778894473 2.0078923737476036E-4
0.4000000000000001 3.6331658291457285 1.9667097299993117E-4
0.4000000000000001 3.64321608040201 1.926434036589021E-4
0.4000000000000001 3.6532663316582914 1.8870417264541672E-4
0.4000000000000001 3.663316582914573 1.848509920469258E-4
0.4000000000000001 3.6733668341708543 1.8108164051527858E-4
0.4000000000000001 3.6834170854271355 1.7739396111672158E-4
0.4000000000000001 3.693467336683417 1.7378585925813768E-4
0.4000000000000001 3.7035175879396984 1.7025530068658104E-4
0.4000000000000001 3.71356783919598 1.6680030955929664E-4
0.4000000000000001 3.7236180904522613 1.634189665815169E-4
0.4000000000000001 3.7336683417085426 1.6010940720945094E-4
0.4000000000000001 3.7437185929648242 1.5686981991598154E-4
0.4000000000000001 3.7537688442211055 1.5369844451668997E-4
0.4000000000000001 3.763819095477387 1.505935705539258E-4
0.4000000000000001 3.7738693467336684 1.4755353573673192E-4
0.4000000000000001 3.7839195979899496 1.4457672443452462E-4
0.4000000000000001 3.7939698492462313 1.4166156622251214E-4
0.4000000000000001 3.8040201005025125 1.3880653447691975E-4
0.4000000000000001 3.814070351758794 1.3601014501816587E-4
0.4000000000000001 3.8241206030150754 1.3327095480020418E-4
0.4000000000000001 3.8341708542713566 1.3058756064432872E-4
0.4000000000000001 3.8442211055276383 1.2795859801579445E-4
0.4000000000000001 3.8542713567839195 1.2538273984168287E-4
0.4000000000000001 3.864321608040201 1.2285869536849252E-4
0.4000000000000001 3.8743718592964824 1.203852090580112E-4
0.4000000000000001 3.884422110552764 1.1796105952006241E-4
0.4000000000000001 3.8944723618090453 1.1558505848079445E-4
0.4000000000000001 3.9045226130653266 1.1325604978521976E-4
0.4000000000000001 3.9145728643216082 1.1097290843276724E-4
0.4000000000000001 3.9246231155778895 1.0873453964465793E-4
0.4000000000000001 3.934673366834171 1.0653987796196094E-4
0.4000000000000001 3.9447236180904524 1.043878863732324E-4
0.4000000000000001 3.9547738693467336 1.0227755547067783E-4
0.4000000000000001 3.9648241206030153 1.002079026338266E-4
0.4000000000000001 3.9748743718592965 9.817797123973685E-5
0.4000000000000001 3.984924623115578 9.618682989879671E-5
0.4000000000000001 3.9949748743718594 9.423357171521626E-5
0.4000000000000001 4.005025125628141 9.231731357134077E-5
0.4000000000000001 4.015075376884422 9.043719543495206E-5
0.4000000000000001 4.025125628140704 8.859237968875045E-5
0.4000000000000001 4.035175879396985 8.678205048124864E-5
0.4000000000000001 4.045226130653266 8.500541309832652E-5
0.4000000000000001 4.055276381909548 8.326169335473695E-5
0.4000000000000001 4.065326633165829 8.155013700486872E-5
0.4000000000000001 4.075376884422111 7.987000917210292E-5
0.4000000000000001 4.085427135678392 7.822059379612728E-5
0.4000000000000001 4.0954773869346734 7.660119309758722E-5
0.4000000000000001 4.105527638190955 7.501112705948689E-5
0.4000000000000001 4.115577889447236 7.344973292476502E-5
0.4000000000000001 4.125628140703518 7.191636470949852E-5
0.4000000000000001 4.135678391959799 7.041039273120304E-5
0.4000000000000001 4.1457286432160805 6.893120315172089E-5
0.4000000000000001 4.155778894472362 6.747819753420485E-5
0.4000000000000001 4.165829145728643 6.605079241372393E-5
0.4000000000000001 4.175879396984925 6.46484188810353E-5
0.4000000000000001 4.185929648241206 6.327052217908152E-5
0.4000000000000001 4.1959798994974875 6.191656131179045E-5
0.4000000000000001 4.206030150753769 6.058600866476818E-5
0.4000000000000001 4.21608040201005 5.9278349637491205E-5
0.4000000000000001 4.226130653266332 5.799308228661796E-5
0.4000000000000001 4.236180904522613 5.6729716980053777E-5
0.4000000000000001 4.2462311557788945 5.548777606141483E-5
0.4000000000000001 4.256281407035176 5.426679352455227E-5
0.4000000000000001 4.266331658291457 5.306631469780553E-5
0.4000000000000001 4.276381909547739 5.1885895937670186E-5
0.4000000000000001 4.28643216080402 5.0725104331572285E-5
0.4000000000000001 4.296482412060302 4.958351740945564E-5
0.4000000000000001 4.306532663316583 4.846072286389623E-5
0.4000000000000001 4.316582914572864 4.735631827847039E-5
0.4000000000000001 4.326633165829146 4.626991086410868E-5
0.4000000000000001 4.336683417085427 4.520111720318326E-5
0.4000000000000001 4.346733668341709 4.4149563001077806E-5
0.4000000000000001 4.35678391959799 4.311488284500451E-5
0.4000000000000001 4.366834170854271 4.2096719969835694E-5
0.4000000000000001 4.376884422110553 4.109472603072799E-5
0.4000000000000001 4.386934673366834 4.010856088232602E-5
0.4000000000000001 4.396984924623116 3.913789236433443E-5
0.4000000000000001 4.407035175879397 3.81823960932623E-5
0.4000000000000001 4.417085427135678 3.724175526014268E-5
0.4000000000000001 4.42713567839196 3.6315660434042355E-5
0.4000000000000001 4.437185929648241 3.5403809371180537E-5
0.4000000000000001 4.447236180904523 3.450590682948151E-5
0.4000000000000001 4.457286432160804 3.362166438839336E-5
0.4000000000000001 4.467336683417085 3.2750800273809016E-5
0.4000000000000001 4.477386934673367 3.189303918793245E-5
0.4000000000000001 4.4874371859296485 3.10481121439377E-5
0.4000000000000001 4.49748743718593 3.0215756305273343E-5
0.4000000000000001 4.507537688442211 2.9395714829469786E-5
0.4000000000000001 4.517587939698492 2.858773671631278E-5
0.4000000000000001 4.527638190954774 2.7791576660248916E-5
0.4000000000000001 4.5376884422110555 2.7006994906895193E-5
0.4000000000000001 4.547738693467337 2.6233757113527523E-5
0.4000000000000001 4.557788944723618 2.5471634213429007E-5
0.4000000000000001 4.567839195979899 2.4720402283979885E-5
0.4000000000000001 4.577889447236181 2.3979842418378357E-5
0.4000000000000001 4.5879396984924625 2.3249740600881668E-5
0.4000000000000001 4.597989949748744 2.2529887585463176E-5
0.4000000000000001 4.608040201005025 2.1820078777783045E-5
0.4000000000000001 4.618090452261306 2.112011412037359E-5
0.4000000000000001 4.628140703517588 2.0429797980944232E-5
0.4000000000000001 4.63819095477387 1.9748939043713388E-5
0.4000000000000001 4.648241206030151 1.9077350203677662E-5
0.4000000000000001 4.658291457286432 1.8414848463732022E-5
0.4000000000000001 4.668341708542713 1.7761254834556768E-5
0.4000000000000001 4.678391959798995 1.7116394237190643E-5
0.4000000000000001 4.688442211055277 1.6480095408210735E-5
0.4000000000000001 4.698492462311558 1.5852190807443776E-5
0.4000000000000001 4.708542713567839 1.5232516528134676E-5
0.4000000000000001 4.71859296482412 1.462091220950095E-5
0.4000000000000001 4.728643216080402 1.4017220951604284E-5
0.4000000000000001 4.738693467336684 1.3421289232471584E-5
0.4000000000000001 4.748743718592965 1.2832966827401421E-5
0.4000000000000001 4.758793969849246 1.2252106730392191E-5
0.4000000000000001 4.768844221105527 1.1678565077631987E-5
0.4000000000000001 4.778894472361809 1.1112201072990338E-5
0.4000000000000001 4.788944723618091 1.0552876915455265E-5
0.4000000000000001 4.798994974874372 1.0000457728459887E-5
0.4000000000000001 4.809045226130653 9.454811491045033E-6
0.4000000000000001 4.819095477386934 8.915808970805774E-6
0.4000000000000001 4.8291457286432165 8.383323658571524E-6
0.4000000000000001 4.839195979899498 7.857231704770607E-6
0.4000000000000001 4.849246231155779 7.337411857432E-6
0.4000000000000001 4.85929648241206 6.8237454017783795E-6
0.4000000000000001 4.869346733668341 6.316116101365732E-6
0.4000000000000001 4.8793969849246235 5.8144101407263965E-6
0.4000000000000001 4.889447236180905 5.318516069473669E-6
0.4000000000000001 4.899497487437186 4.828324747827213E-6
0.4000000000000001 4.909547738693467 4.343729293520006E-6
0.4000000000000001 4.919597989949748 3.86462503004843E-6
0.4000000000000001 4.9296482412060305 3.3909094362285574E-6
0.4000000000000001 4.939698492462312 2.922482097022576E-6
0.4000000000000001 4.949748743718593 2.459244655600444E-6
0.4000000000000001 4.959798994974874 2.0011007666029556E-6
0.4000000000000001 4.969849246231155 1.5479560505732993E-6
0.4000000000000001 4.9798994974874375 1.0997180495252747E-6
0.4000000000000001 4.989949748743719 6.562961836171886E-7
0.4000000000000001 5.0 2.1760170890139927E-7
0.4000000000000001 5.010050251256281 -3.0954843149721685E-7
