t F Q
1.0 -0.005025125628140704 0.0
1.0 0.005025125628140704 0.0
1.0 0.01507537688442211 0.0
1.0 0.02512562814070352 0.0
1.0 0.035175879396984924 0.0
1.0 0.04522613065326633 0.0
1.0 0.05527638190954774 0.0
1.0 0.06532663316582915 0.0
1.0 0.07537688442211056 0.0
1.0 0.08542713567839195 0.0
1.0 0.09547738693467336 0.0
1.0 0.10552763819095477 0.0
1.0 0.11557788944723618 0.0
1.0 0.12562814070351758 0.0
1.0 0.135678391959799 0.0
1.0 0.1457286432160804 0.0
1.0 0.15577889447236182 0.0
1.0 0.1658291457286432 0.0
1.0 0.17587939698492464 0.0
1.0 0.18592964824120603 0.0
1.0 0.19597989949748745 0.0
1.0 0.20603015075376885 0.0
1.0 0.21608040201005024 0.0
1.0 0.22613065326633167 0.0
1.0 0.23618090452261306 0.0
1.0 0.24623115577889448 0.0
1.0 0.2562814070351759 0.0
1.0 0.2663316582914573 0.0
1.0 0.2763819095477387 0.0
1.0 0.2864321608040201 0.0
1.0 0.2964824120603015 0.0
1.0 0.3065326633165829 0.0
1.0 0.3165829145728643 0.0
1.0 0.32663316582914576 0.0
1.0 0.33668341708542715 0.0
1.0 0.34673366834170855 0.0
1.0 0.35678391959798994 0.0
1.0 0.36683417085427134 0.0
1.0 0.3768844221105528 0.0
1.0 0.3869346733668342 0.0
1.0 0.3969849246231156 0.0
1.0 0.40703517587939697 0.0
1.0 0.4170854271356784 0.0
1.0 0.4271356783919598 0.0
1.0 0.4371859296482412 0.0
1.0 0.4472361809045226 0.0
1.0 0.457286432160804 0.0
1.0 0.46733668341708545 0.0
1.0 0.47738693467336685 0.0
1.0 0.48743718592964824 0.0
1.0 0.49748743718592964 0.0
1.0 0.507537688442211 0.0
1.0 0.5175879396984925 0.0
1.0 0.5276381909547738 0.0
1.0 0.5376884422110553 0.0
1.0 0.5477386934673367 0.0
1.0 0.5577889447236181 0.0
1.0 0.5678391959798995 0.0
1.0 0.577889447236181 0.0
1.0 0.5879396984924623 0.0
1.0 0.5979899497487438 0.0
1.0 0.6080402010050251 0.0
1.0 0.6180904522613065 0.0
1.0 0.628140703517588 0.0
1.0 0.6381909547738693 0.0
1.0 0.6482412060301508 0.0
1.0 0.6582914572864321 0.0
1.0 0.6683417085427136 0.0
1.0 0.678391959798995 0.0
1.0 0.6884422110552764 0.0
1.0 0.6984924623115578 0.0
1.0 0.7085427135678392 0.0
1.0 0.7185929648241206 0.0
1.0 0.7286432160804021 0.0
1.0 0.7386934673366834 0.0
1.0 0.7487437185929648 0.0
1.0 0.7587939698492463 0.0
1.0 0.7688442211055276 0.0
1.0 0.7788944723618091 0.0
1.0 0.7889447236180904 0.0
1.0 0.7989949748743719 0.0
1.0 0.8090452261306533 0.0
1.0 0.8190954773869347 0.0
1.0 0.8291457286432161 0.0
1.0 0.8391959798994975 0.0
1.0 0.8492462311557789 0.0
1.0 0.8592964824120604 0.0
1.0 0.8693467336683417 0.0
1.0 0.8793969849246231 0.0
1.0 0.8894472361809045 0.0
1.0 0.8994974874371859 0.0
1.0 0.9095477386934674 0.0
1.0 0.9195979899497487 0.0
1.0 0.9296482412060302 0.0
1.0 0.9396984924623115 0.0
1.0 0.949748743718593 0.0
1.0 0.9597989949748744 0.0
1.0 0.9698492462311558 0.0
1.0 0.9798994974874372 0.0
1.0 0.9899497487437187 0.0
1.0 1.0 99.5
1.0 1.0100502512562815 0.0
1.0 1.020100502512563 0.0
1.0 1.0301507537688441 0.0
1.0 1.0402010050251256 0.0
1.0 1.050251256281407 0.0
1.0 1.0603015075376885 0.0
1.0 1.07035175879397 0.0
1.0 1.0804020100502514 0.0
1.0 1.0904522613065326 0.0
1.0 1.100502512562814 0.0
1.0 1.1105527638190955 0.0
1.0 1.120603015075377 0.0
1.0 1.1306532663316584 0.0
1.0 1.1407035175879396 0.0
1.0 1.150753768844221 0.0
1.0 1.1608040201005025 0.0
1.0 1.170854271356784 0.0
1.0 1.1809045226130654 0.0
1.0 1.1909547738693467 0.0
1.0 1.2010050251256281 0.0
1.0 1.2110552763819096 0.0
1.0 1.221105527638191 0.0
1.0 1.2311557788944725 0.0
1.0 1.2412060301507537 0.0
1.0 1.2512562814070352 0.0
1.0 1.2613065326633166 0.0
1.0 1.271356783919598 0.0
1.0 1.2814070351758795 0.0
1.0 1.2914572864321607 0.0
1.0 1.3015075376884422 0.0
1.0 1.3115577889447236 0.0
1.0 1.321608040201005 0.0
1.0 1.3316582914572865 0.0
1.0 1.3417085427135678 0.0
1.0 1.3517587939698492 0.0
1.0 1.3618090452261307 0.0
1.0 1.3718592964824121 0.0
1.0 1.3819095477386936 0.0
1.0 1.3919597989949748 0.0
1.0 1.4020100502512562 0.0
1.0 1.4120603015075377 0.0
1.0 1.4221105527638191 0.0
1.0 1.4321608040201006 0.0
1.0 1.4422110552763818 0.0
1.0 1.4522613065326633 0.0
1.0 1.4623115577889447 0.0
1.0 1.4723618090452262 0.0
1.0 1.4824120603015076 0.0
1.0 1.4924623115577889 0.0
1.0 1.5025125628140703 0.0
1.0 1.5125628140703518 0.0
1.0 1.5226130653266332 0.0
1.0 1.5326633165829147 0.0
1.0 1.542713567839196 0.0
1.0 1.5527638190954773 0.0
1.0 1.5628140703517588 0.0
1.0 1.5728643216080402 0.0
1.0 1.5829145728643217 0.0
1.0 1.5929648241206031 0.0
1.0 1.6030150753768844 0.0
1.0 1.6130653266331658 0.0
1.0 1.6231155778894473 0.0
1.0 1.6331658291457287 0.0
1.0 1.6432160804020102 0.0
1.0 1.6532663316582914 0.0
1.0 1.6633165829145728 0.0
1.0 1.6733668341708543 0.0
1.0 1.6834170854271358 0.0
1.0 1.6934673366834172 0.0
1.0 1.7035175879396984 0.0
1.0 1.7135678391959799 0.0
1.0 1.7236180904522613 0.0
1.0 1.7336683417085428 0.0
1.0 1.7437185929648242 0.0
1.0 1.7537688442211055 0.0
1.0 1.763819095477387 0.0
1.0 1.7738693467336684 0.0
1.0 1.7839195979899498 0.0
1.0 1.7939698492462313 0.0
1.0 1.8040201005025125 0.0
1.0 1.814070351758794 0.0
1.0 1.8241206030150754 0.0
1.0 1.8341708542713568 0.0
1.0 1.8442211055276383 0.0
1.0 1.8542713567839195 0.0
1.0 1.864321608040201 0.0
1.0 1.8743718592964824 0.0
1.0 1.8844221105527639 0.0
1.0 1.8944723618090453 0.0
1.0 1.9045226130653266 0.0
1.0 1.914572864321608 0.0
1.0 1.9246231155778895 0.0
1.0 1.934673366834171 0.0
1.0 1.9447236180904524 0.0
1.0 1.9547738693467338 0.0
1.0 1.964824120603015 0.0
1.0 1.9748743718592965 0.0
1.0 1.984924623115578 0.0
1.0 1.9949748743718594 0.0
1.0 2.0050251256281406 0.0
1.0 2.0150753768844223 0.0
1.0 2.0251256281407035 0.0
1.0 2.0351758793969847 0.0
1.0 2.0452261306532664 0.0
1.0 2.0552763819095476 0.0
1.0 2.0653266331658293 0.0
1.0 2.0753768844221105 0.0
1.0 2.0854271356783918 0.0
1.0 2.0954773869346734 0.0
1.0 2.1055276381909547 0.0
1.0 2.1155778894472363 0.0
1.0 2.1256281407035176 0.0
1.0 2.135678391959799 0.0
1.0 2.1457286432160805 0.0
1.0 2.1557788944723617 0.0
1.0 2.1658291457286434 0.0
1.0 2.1758793969849246 0.0
1.0 2.1859296482412063 0.0
1.0 2.1959798994974875 0.0
1.0 2.2060301507537687 0.0
1.0 2.2160804020100504 0.0
1.0 2.2261306532663316 0.0
1.0 2.2361809045226133 0.0
1.0 2.2462311557788945 0.0
1.0 2.2562814070351758 0.0
1.0 2.2663316582914574 0.0
1.0 2.2763819095477387 0.0
1.0 2.2864321608040203 0.0
1.0 2.2964824120603016 0.0
1.0 2.306532663316583 0.0
1.0 2.3165829145728645 0.0
1.0 2.3266331658291457 0.0
1.0 2.3366834170854274 0.0
1.0 2.3467336683417086 0.0
1.0 2.35678391959799 0.0
1.0 2.3668341708542715 0.0
1.0 2.3768844221105527 0.0
1.0 2.3869346733668344 0.0
1.0 2.3969849246231156 0.0
1.0 2.407035175879397 0.0
1.0 2.4170854271356785 0.0
1.0 2.4271356783919598 0.0
1.0 2.4371859296482414 0.0
1.0 2.4472361809045227 0.0
1.0 2.457286432160804 0.0
1.0 2.4673366834170856 0.0
1.0 2.477386934673367 0.0
1.0 2.4874371859296485 0.0
1.0 2.4974874371859297 0.0
1.0 2.507537688442211 0.0
1.0 2.5175879396984926 0.0
1.0 2.527638190954774 0.0
1.0 2.5376884422110555 0.0
1.0 2.5477386934673367 0.0
1.0 2.557788944723618 0.0
1.0 2.5678391959798996 0.0
1.0 2.577889447236181 0.0
1.0 2.5879396984924625 0.0
1.0 2.5979899497487438 0.0
1.0 2.608040201005025 0.0
1.0 2.6180904522613067 0.0
1.0 2.628140703517588 0.0
1.0 2.6381909547738696 0.0
1.0 2.648241206030151 0.0
1.0 2.658291457286432 0.0
1.0 2.6683417085427137 0.0
1.0 2.678391959798995 0.0
1.0 2.6884422110552766 0.0
1.0 2.698492462311558 0.0
1.0 2.708542713567839 0.0
1.0 2.7185929648241207 0.0
1.0 2.728643216080402 0.0
1.0 2.7386934673366836 0.0
1.0 2.748743718592965 0.0
1.0 2.758793969849246 0.0
1.0 2.7688442211055277 0.0
1.0 2.778894472361809 0.0
1.0 2.7889447236180906 0.0
1.0 2.798994974874372 0.0
1.0 2.809045226130653 0.0
1.0 2.819095477386935 0.0
1.0 2.829145728643216 0.0
1.0 2.8391959798994977 0.0
1.0 2.849246231155779 0.0
1.0 2.85929648241206 0.0
1.0 2.869346733668342 0.0
1.0 2.879396984924623 0.0
1.0 2.8894472361809047 0.0
1.0 2.899497487437186 0.0
1.0 2.909547738693467 0.0
1.0 2.919597989949749 0.0
1.0 2.92964824120603 0.0
1.0 2.9396984924623117 0.0
1.0 2.949748743718593 0.0
1.0 2.959798994974874 0.0
1.0 2.969849246231156 0.0
1.0 2.979899497487437 0.0
1.0 2.9899497487437188 0.0
1.0 3.0 0.0
1.0 3.0100502512562817 0.0
1.0 3.020100502512563 0.0
1.0 3.030150753768844 0.0
1.0 3.040201005025126 0.0
1.0 3.050251256281407 0.0
1.0 3.0603015075376887 0.0
1.0 3.07035175879397 0.0
1.0 3.080402010050251 0.0
1.0 3.090452261306533 0.0
1.0 3.100502512562814 0.0
1.0 3.1105527638190957 0.0
1.0 3.120603015075377 0.0
1.0 3.130653266331658 0.0
1.0 3.14070351758794 0.0
1.0 3.150753768844221 0.0
1.0 3.1608040201005028 0.0
1.0 3.170854271356784 0.0
1.0 3.180904522613065 0.0
1.0 3.190954773869347 0.0
1.0 3.201005025125628 0.0
1.0 3.21105527638191 0.0
1.0 3.221105527638191 0.0
1.0 3.2311557788944723 0.0
1.0 3.241206030150754 0.0
1.0 3.251256281407035 0.0
1.0 3.261306532663317 0.0
1.0 3.271356783919598 0.0
1.0 3.2814070351758793 0.0
1.0 3.291457286432161 0.0
1.0 3.301507537688442 0.0
1.0 3.311557788944724 0.0
1.0 3.321608040201005 0.0
1.0 3.3316582914572863 0.0
1.0 3.341708542713568 0.0
1.0 3.351758793969849 0.0
1.0 3.361809045226131 0.0
1.0 3.371859296482412 0.0
1.0 3.3819095477386933 0.0
1.0 3.391959798994975 0.0
1.0 3.4020100502512562 0.0
1.0 3.412060301507538 0.0
1.0 3.422110552763819 0.0
1.0 3.4321608040201004 0.0
1.0 3.442211055276382 0.0
1.0 3.4522613065326633 0.0
1.0 3.462311557788945 0.0
1.0 3.472361809045226 0.0
1.0 3.4824120603015074 0.0
1.0 3.492462311557789 0.0
1.0 3.5025125628140703 0.0
1.0 3.512562814070352 0.0
1.0 3.522613065326633 0.0
1.0 3.5326633165829144 0.0
1.0 3.542713567839196 0.0
1.0 3.5527638190954773 0.0
1.0 3.562814070351759 0.0
1.0 3.5728643216080402 0.0
1.0 3.5829145728643215 0.0
1.0 3.592964824120603 0.0
1.0 3.6030150753768844 0.0
1.0 3.613065326633166 0.0
1.0 3.6231155778894473 0.0
1.0 3.6331658291457285 0.0
1.0 3.64321608040201 0.0
1.0 3.6532663316582914 0.0
1.0 3.663316582914573 0.0
1.0 3.6733668341708543 0.0
1.0 3.6834170854271355 0.0
1.0 3.693467336683417 0.0
1.0 3.7035175879396984 0.0
1.0 3.71356783919598 0.0
1.0 3.7236180904522613 0.0
1.0 3.7336683417085426 0.0
1.0 3.7437185929648242 0.0
1.0 3.7537688442211055 0.0
1.0 3.763819095477387 0.0
1.0 3.7738693467336684 0.0
1.0 3.7839195979899496 0.0
1.0 3.7939698492462313 0.0
1.0 3.8040201005025125 0.0
1.0 3.814070351758794 0.0
1.0 3.8241206030150754 0.0
1.0 3.8341708542713566 0.0
1.0 3.8442211055276383 0.0
1.0 3.8542713567839195 0.0
1.0 3.864321608040201 0.0
1.0 3.8743718592964824 0.0
1.0 3.884422110552764 0.0
1.0 3.8944723618090453 0.0
1.0 3.9045226130653266 0.0
1.0 3.9145728643216082 0.0
1.0 3.9246231155778895 0.0
1.0 3.934673366834171 0.0
1.0 3.9447236180904524 0.0
1.0 3.9547738693467336 0.0
1.0 3.9648241206030153 0.0
1.0 3.9748743718592965 0.0
1.0 3.984924623115578 0.0
1.0 3.9949748743718594 0.0
1.0 4.005025125628141 0.0
1.0 4.015075376884422 0.0
1.0 4.025125628140704 0.0
1.0 4.035175879396985 0.0
1.0 4.045226130653266 0.0
1.0 4.055276381909548 0.0
1.0 4.065326633165829 0.0
1.0 4.075376884422111 0.0
1.0 4.085427135678392 0.0
1.0 4.0954773869346734 0.0
1.0 4.105527638190955 0.0
1.0 4.115577889447236 0.0
1.0 4.125628140703518 0.0
1.0 4.135678391959799 0.0
1.0 4.1457286432160805 0.0
1.0 4.155778894472362 0.0
1.0 4.165829145728643 0.0
1.0 4.175879396984925 0.0
1.0 4.185929648241206 0.0
1.0 4.1959798994974875 0.0
1.0 4.206030150753769 0.0
1.0 4.21608040201005 0.0
1.0 4.226130653266332 0.0
1.0 4.236180904522613 0.0
1.0 4.2462311557788945 0.0
1.0 4.256281407035176 0.0
1.0 4.266331658291457 0.0
1.0 4.276381909547739 0.0
1.0 4.28643216080402 0.0
1.0 4.296482412060302 0.0
1.0 4.306532663316583 0.0
1.0 4.316582914572864 0.0
1.0 4.326633165829146 0.0
1.0 4.336683417085427 0.0
1.0 4.346733668341709 0.0
1.0 4.35678391959799 0.0
1.0 4.366834170854271 0.0
1.0 4.376884422110553 0.0
1.0 4.386934673366834 0.0
1.0 4.396984924623116 0.0
1.0 4.407035175879397 0.0
1.0 4.417085427135678 0.0
1.0 4.42713567839196 0.0
1.0 4.437185929648241 0.0
1.0 4.447236180904523 0.0
1.0 4.457286432160804 0.0
1.0 4.467336683417085 0.0
1.0 4.477386934673367 0.0
1.0 4.4874371859296485 0.0
1.0 4.49748743718593 0.0
1.0 4.507537688442211 0.0
1.0 4.517587939698492 0.0
1.0 4.527638190954774 0.0
1.0 4.5376884422110555 0.0
1.0 4.547738693467337 0.0
1.0 4.557788944723618 0.0
1.0 4.567839195979899 0.0
1.0 4.577889447236181 0.0
1.0 4.5879396984924625 0.0
1.0 4.597989949748744 0.0
1.0 4.608040201005025 0.0
1.0 4.618090452261306 0.0
1.0 4.628140703517588 0.0
1.0 4.63819095477387 0.0
1.0 4.648241206030151 0.0
1.0 4.658291457286432 0.0
1.0 4.668341708542713 0.0
1.0 4.678391959798995 0.0
1.0 4.688442211055277 0.0
1.0 4.698492462311558 0.0
1.0 4.708542713567839 0.0
1.0 4.71859296482412 0.0
1.0 4.728643216080402 0.0
1.0 4.738693467336684 0.0
1.0 4.748743718592965 0.0
1.0 4.758793969849246 0.0
1.0 4.768844221105527 0.0
1.0 4.778894472361809 0.0
1.0 4.788944723618091 0.0
1.0 4.798994974874372 0.0
1.0 4.809045226130653 0.0
1.0 4.819095477386934 0.0
1.0 4.8291457286432165 0.0
1.0 4.839195979899498 0.0
1.0 4.849246231155779 0.0
1.0 4.85929648241206 0.0
1.0 4.869346733668341 0.0
1.0 4.8793969849246235 0.0
1.0 4.889447236180905 0.0
1.0 4.899497487437186 0.0
1.0 4.909547738693467 0.0
1.0 4.919597989949748 0.0
1.0 4.9296482412060305 0.0
1.0 4.939698492462312 0.0
1.0 4.949748743718593 0.0
1.0 4.959798994974874 0.0
1.0 4.969849246231155 0.0
1.0 4.9798994974874375 0.0
1.0 4.989949748743719 0.0
1.0 5.0 0.0
1.0 5.010050251256281 0.0

0.8 -0.005025125628140704 -3.7164812188721915E-4
0.8 0.005025125628140704 3.7164812188721915E-4
0.8 0.01507537688442211 6.74760412992244E-4
0.8 0.02512562814070352 9.087590665666186E-4
0.8 0.035175879396984924 0.001119863005496801
0.8 0.04522613065326633 0.0013215704590278149
0.8 0.05527638190954774 0.0015202778281721504
0.8 0.06532663316582915 0.0017197973854689375
0.8 0.07537688442211056 0.0019227673252616723
0.8 0.08542713567839195 0.0021312250346103468
0.8 0.09547738693467336 0.002346881878653132
0.8 0.10552763819095477 0.00257127145748594
0.8 0.11557788944723618 0.0028058375220414047
0.8 0.12562814070351758 0.003051990584946039
0.8 0.135678391959799 0.003311147282957522
0.8 0.1457286432160804 0.003584759850516592
0.8 0.15577889447236182 0.003874339818890165
0.8 0.1658291457286432 0.00418147837890804
0.8 0.17587939698492464 0.0045078649335311615
0.8 0.18592964824120603 0.004855304850154805
0.8 0.19597989949748745 0.005225737121330127
0.8 0.20603015075376885 0.005621252463794041
0.8 0.21608040201005024 0.006044112279562663
0.8 0.22613065326633167 0.0064967688416442725
0.8 0.23618090452261306 0.006981887034741981
0.8 0.24623115577889448 0.0075023679687809845
0.8 0.2562814070351759 0.008061374784618864
0.8 0.2663316582914573 0.00866236098352666
0.8 0.2763819095477387 0.009309101632984453
0.8 0.2864321608040201 0.010005727829906703
0.8 0.2964824120603015 0.010756764838061513
0.8 0.3065326633165829 0.011567174359025436
0.8 0.3165829145728643 0.012442401445652264
0.8 0.32663316582914576 0.01338842662407287
0.8 0.33668341708542715 0.014411823855191346
0.8 0.34673366834170855 0.015519825040147097
0.8 0.35678391959798994 0.016720391857039593
0.8 0.36683417085427134 0.018022295809231172
0.8 0.3768844221105528 0.01943520746971481
0.8 0.3869346733668342 0.02096979602239692
0.8 0.3969849246231156 0.022637840330796032
0.8 0.40703517587939697 0.02445235290873099
0.8 0.4170854271356784 0.02642771832720407
0.8 0.4271356783919598 0.028579847767971674
0.8 0.4371859296482412 0.030926351628235562
0.8 0.4472361809045226 0.03348673229329547
0.8 0.457286432160804 0.03628259942540582
0.8 0.46733668341708545 0.039337910367568535
0.8 0.47738693467336685 0.04267923853004323
0.8 0.48743718592964824 0.04633607291357761
0.8 0.49748743718592964 0.05034115222418498
0.8 0.507537688442211 0.054730837345582525
0.8 0.5175879396984925 0.059545526250910134
0.8 0.5276381909547738 0.06483011574611723
0.8 0.5376884422110553 0.0706345147309037
0.8 0.5477386934673367 0.07701421392227
0.8 0.5577889447236181 0.0840309171876767
0.8 0.5678391959798995 0.09175323974929488
0.8 0.577889447236181 0.1002574785083661
0.8 0.5879396984924623 0.10962845954827372
0.8 0.5979899497487438 0.11996046744126847
0.8 0.6080402010050251 0.13135826022409042
0.8 0.6180904522613065 0.14393817271779527
0.8 0.628140703517588 0.1578293091169567
0.8 0.6381909547738693 0.1731748233022478
0.8 0.6482412060301508 0.190133281940886
0.8 0.6582914572864321 0.20888010089165415
0.8 0.6683417085427136 0.22960903943628008
0.8 0.678391959798995 0.2525337290726188
0.8 0.6884422110552764 0.27788920362198183
0.8 0.6984924623115578 0.305933384752072
0.8 0.7085427135678392 0.3369484611595818
0.8 0.7185929648241206 0.37124207998765074
0.8 0.7286432160804021 0.4091482449091047
0.8 0.7386934673366834 0.45102778597875703
0.8 0.7487437185929648 0.49726823112051877
0.8 0.7587939698492463 0.5482828672619523
0.8 0.7688442211055276 0.6045087300315458
0.8 0.7788944723618091 0.666403204117589
0.8 0.7889447236180904 0.7344388516314079
0.8 0.7989949748743719 0.8090960132801865
0.8 0.8090452261306533 0.890852647523186
0.8 0.8190954773869347 0.9801707875472074
0.8 0.8291457286432161 1.0774789071237394
0.8 0.8391959798994975 1.1831493975390288
0.8 0.8492462311557789 1.2974702733836543
0.8 0.8592964824120604 1.4206101509506894
0.8 0.8693467336683417 1.5525754865802996
0.8 0.8793969849246231 1.6931590320155165
0.8 0.8894472361809045 1.8418784691874486
0.8 0.8994974874371859 1.9979042378106608
0.8 0.9095477386934674 2.1599756755041812
0.8 0.9195979899497487 2.3263047604649687
0.8 0.9296482412060302 2.4944669873236283
0.8 0.9396984924623115 2.6612792204915556
0.8 0.949748743718593 2.8226647540943026
0.8 0.9597989949748744 2.973506255712358
0.8 0.9698492462311558 3.1074877683921662
0.8 0.9798994974874372 3.216927470964965
0.8 0.9899497487437187 3.2926034239080817
0.8 1.0 3.3235750255915315
0.8 1.0100502512562815 3.2970033382670914
0.8 1.020100502512563 3.225386655233582
0.8 1.0301507537688441 3.119429963068753
0.8 1.0402010050251256 2.988212897043237
0.8 1.050251256281407 2.8393537370232456
0.8 1.0603015075376885 2.679167931537273
0.8 1.07035175879397 2.512819730589089
0.8 1.0804020100502514 2.3444656632162304
0.8 1.0904522613065326 2.177388801979898
0.8 1.100502512562814 2.0141229989494858
0.8 1.1105527638190955 1.8565665403117304
0.8 1.120603015075377 1.7060849335223607
0.8 1.1306532663316584 1.5636027973061593
0.8 1.1407035175879396 1.4296850585601464
0.8 1.150753768844221 1.3046078621364752
0.8 1.1608040201005025 1.188419763722
0.8 1.170854271356784 1.0809938999938238
0.8 1.1809045226130654 0.982071914215215
0.8 1.1909547738693467 0.8913004620880086
0.8 1.2010050251256281 0.8082611363358849
0.8 1.2110552763819096 0.7324946345362294
0.8 1.221105527638191 0.663519958967986
0.8 1.2311557788944725 0.6008493854690501
0.8 1.2412060301507537 0.543999875849272
0.8 1.2512562814070352 0.49250153997033774
0.8 1.2613065326633166 0.44590368307474126
0.8 1.271356783919598 0.4037789043866443
0.8 1.2814070351758795 0.36572564668586127
0.8 1.2914572864321607 0.3313695350253366
0.8 1.3015075376884422 0.30036378696588195
0.8 1.3115577889447236 0.27238892708994444
0.8 1.321608040201005 0.24715199519938746
0.8 1.3316582914572865 0.22438540029534765
0.8 1.3417085427135678 0.20384554078891642
0.8 1.3517587939698492 0.18531128489372137
0.8 1.3618090452261307 0.16858238324287023
0.8 1.3718592964824121 0.1534778678765704
0.8 1.3819095477386936 0.1398344773026349
0.8 1.3919597989949748 0.12750513581536704
0.8 1.4020100502512562 0.11635750619196102
0.8 1.4120603015075377 0.1062726278456348
0.8 1.4221105527638191 0.09714364713163716
0.8 1.4321608040201006 0.08887464245905892
0.8 1.4422110552763818 0.08137954388991518
0.8 1.4522613065326633 0.07458114478339106
0.8 1.4623115577889447 0.06841020158260709
0.8 1.4723618090452262 0.06280461689279557
0.8 1.4824120603015076 0.05770870044129297
0.8 1.4924623115577889 0.053072502243479515
0.8 1.5025125628140703 0.04885121224721679
0.8 1.5125628140703518 0.04500462083057935
0.8 1.5226130653266332 0.041496634736460106
0.8 1.5326633165829147 0.038294843306631556
0.8 1.542713567839196 0.035370130199528615
0.8 1.5527638190954773 0.032696326119805635
0.8 1.5628140703517588 0.030249898438522514
0.8 1.5728643216080402 0.028009673929816015
0.8 1.5829145728643217 0.025956591185591325
0.8 1.5929648241206031 0.02407347958913998
0.8 1.6030150753768844 0.02234486202855473
0.8 1.6130653266331658 0.020756778809705192
0.8 1.6231155778894473 0.019296630485725573
0.8 1.6331658291457287 0.017953037555553896
0.8 1.6432160804020102 0.016715715198684193
0.8 1.6532663316582914 0.015575361407915565
0.8 1.6633165829145728 0.01452355705769661
0.8 1.6733668341708543 0.01355267660397545
0.8 1.6834170854271358 0.012655808253630942
0.8 1.6934673366834172 0.011826682568936308
0.8 1.7035175879396984 0.011059608586409767
0.8 1.7135678391959799 0.010349416631100262
0.8 1.7236180904522613 0.009691407098024907
0.8 1.7336683417085428 0.00908130455322421
0.8 1.7437185929648242 0.008515216578749452
0.8 1.7537688442211055 0.007989596849778081
0.8 1.763819095477387 0.007501211988816586
0.8 1.7738693467336684 0.007047111792366612
0.8 1.7839195979899498 0.006624602470192888
0.8 1.7939698492462313 0.00623122257706636
0.8 1.8040201005025125 0.005864721352121498
0.8 1.814070351758794 0.005523039212264857
0.8 1.8241206030150754 0.005204290173849062
0.8 1.8341708542713568 0.004906746001480283
0.8 1.8442211055276383 0.0046288219047128255
0.8 1.8542713567839195 0.004369063622816142
0.8 1.864321608040201 0.004126135755056163
0.8 1.8743718592964824 0.0038988112092632494
0.8 1.8844221105527639 0.0036859616550814775
0.8 1.8944723618090453 0.0034865488804041406
0.8 1.9045226130653266 0.0032996169602694217
0.8 1.914572864321608 0.0031242851570712615
0.8 1.9246231155778895 0.0029597414794681424
0.8 1.934673366834171 0.002805236834965862
0.8 1.9447236180904524 0.002660079717915726
0.8 1.9547738693467338 0.002523631380699335
0.8 1.964824120603015 0.0023953014412488437
0.8 1.9748743718592965 0.0022745438848497377
0.8 1.984924623115578 0.0021608534224568563
0.8 1.9949748743718594 0.002053762171580668
0.8 2.0050251256281406 0.0019528366292207349
0.8 2.0150753768844223 0.0018576749093813308
0.8 2.0251256281407035 0.0017679042204406547
0.8 2.0351758793969847 0.0016831785600948733
0.8 2.0452261306532664 0.001603176607792847
0.8 2.0552763819095476 0.001527599796544579
0.8 2.0653266331658293 0.0014561705477506251
0.8 2.0753768844221105 0.0013886306542831082
0.8 2.0854271356783918 0.0013247397984706103
0.8 2.0954773869346734 0.0012642741929166927
0.8 2.1055276381909547 0.0012070253332302123
0.8 2.1155778894472363 0.0011527988527786702
0.8 2.1256281407035176 0.0011014134705058043
0.8 2.135678391959799 0.001052700023692111
0.8 2.1457286432160805 0.0010065005782917877
0.8 2.1557788944723617 9.626676101602107E-4
0.8 2.1658291457286434 9.210632511001287E-4
0.8 2.1758793969849246 8.815585942092263E-4
0.8 2.1859296482412063 8.440330535124894E-4
0.8 2.1959798994974875 8.083737733155566E-4
0.8 2.2060301507537687 7.744750831246215E-4
0.8 2.2160804020100504 7.422379943489943E-4
0.8 2.2261306532663316 7.115697353379101E-4
0.8 2.2361809045226133 6.82383321607106E-4
0.8 2.2462311557788945 6.545971583862643E-4
0.8 2.2562814070351758 6.281346728683066E-4
0.8 2.2663316582914574 6.029239737683835E-4
0.8 2.2763819095477387 5.788975360063469E-4
0.8 2.2864321608040203 5.559919085136543E-4
0.8 2.2964824120603016 5.341474433357851E-4
0.8 2.306532663316583 5.133080443559861E-4
0.8 2.3165829145728645 4.934209341070198E-4
0.8 2.3266331658291457 4.744364372658294E-4
0.8 2.3366834170854274 4.563077795428691E-4
0.8 2.3467336683417086 4.3899090078439114E-4
0.8 2.35678391959799 4.224442812030935E-4
0.8 2.3668341708542715 4.0662877974121834E-4
0.8 2.3768844221105527 3.915074836511155E-4
0.8 2.3869346733668344 3.770455684522349E-4
0.8 2.3969849246231156 3.632101674911003E-4
0.8 2.407035175879397 3.499702503926046E-4
0.8 2.4170854271356785 3.372965097475327E-4
0.8 2.4271356783919598 3.251612554329569E-4
0.8 2.4371859296482414 3.135383160095647E-4
0.8 2.4472361809045227 3.0240294668341635E-4
0.8 2.457286432160804 2.9173174335944067E-4
0.8 2.4673366834170856 2.8150256235051293E-4
0.8 2.477386934673367 2.7169444533946475E-4
0.8 2.4874371859296485 2.6228754922214687E-4
0.8 2.4974874371859297 2.5326308048793564E-4
0.8 2.507537688442211 2.446032338200361E-4
0.8 2.5175879396984926 2.3629113462182364E-4
0.8 2.527638190954774 2.283107851974209E-4
0.8 2.5376884422110555 2.2064701433492445E-4
0.8 2.5477386934673367 2.1328543005930413E-4
0.8 2.557788944723618 2.0621237533913032E-4
0.8 2.5678391959798996 1.994148865470913E-4
0.8 2.577889447236181 1.9288065448880878E-4
0.8 2.5879396984924625 1.8659798782789865E-4
0.8 2.5979899497487438 1.8055577874761126E-4
0.8 2.608040201005025 1.7474347070082228E-4
0.8 2.6180904522613067 1.691510281107109E-4
0.8 2.628140703517588 1.6376890789421958E-4
0.8 2.6381909547738696 1.5858803268940813E-4
0.8 2.648241206030151 1.535997656761592E-4
0.8 2.658291457286432 1.4879588688740226E-4
0.8 2.6683417085427137 1.4416857091516843E-4
0.8 2.678391959798995 1.3971036592239392E-4
0.8 2.6884422110552766 1.354141738775137E-4
0.8 2.698492462311558 1.31273231934561E-4
0.8 2.708542713567839 1.2728109488674235E-4
0.8 2.7185929648241207 1.2343161862633589E-4
0.8 2.728643216080402 1.1971894454828194E-4
0.8 2.7386934673366836 1.1613748483903108E-4
0.8 2.748743718592965 1.1268190859611326E-4
0.8 2.758793969849246 1.093471287275053E-4
0.8 2.7688442211055277 1.0612828958324056E-4
0.8 2.778894472361809 1.0302075527482495E-4
0.8 2.7889447236180906 1.0002009864092885E-4
0.8 2.798994974874372 9.712209082052637E-5
0.8 2.809045226130653 9.432269139716684E-5
0.8 2.819095477386935 9.161803908040057E-5
0.8 2.829145728643216 8.900444289256244E-5
0.8 2.8391959798994977 8.647837383114128E-5
0.8 2.849246231155779 8.403645697885627E-5
0.8 2.85929648241206 8.167546403532184E-5
0.8 2.869346733668342 7.93923062458241E-5
0.8 2.879396984924623 7.718402770426533E-5
0.8 2.8894472361809047 7.504779900876077E-5
0.8 2.899497487437186 7.2980911249707E-5
0.8 2.909547738693467 7.098077031138478E-5
0.8 2.919597989949749 6.904489146932436E-5
0.8 2.92964824120603 6.717089426674512E-5
0.8 2.9396984924623117 6.535649765440017E-5
0.8 2.949748743718593 6.359951537910118E-5
0.8 2.959798994974874 6.189785160709124E-5
0.8 2.969849246231156 6.024949676925871E-5
0.8 2.979899497487437 5.865252361596716E-5
0.8 2.9899497487437188 5.7105083469997905E-5
0.8 3.0 5.560540266678823E-5
0.8 3.0100502512562817 5.415177917178046E-5
0.8 3.020100502512563 5.2742579365299074E-5
0.8 3.030150753768844 5.137623498592937E-5
0.8 3.040201005025126 5.0051240223897956E-5
0.8 3.050251256281407 4.876614895644652E-5
0.8 3.0603015075376887 4.751957211765138E-5
0.8 3.07035175879397 4.631017519557576E-5
0.8 3.080402010050251 4.5136675850046585E-5
0.8 3.090452261306533 4.3997841644729536E-5
0.8 3.100502512562814 4.289248788753462E-5
0.8 3.1105527638190957 4.181947557372067E-5
0.8 3.120603015075377 4.077770942638313E-5
0.8 3.130653266331658 3.976613602930671E-5
0.8 3.14070351758794 3.878374204744409E-5
0.8 3.150753768844221 3.7829552530543826E-5
0.8 3.1608040201005028 3.690262929569762E-5
0.8 3.170854271356784 3.600206938481063E-5
0.8 3.180904522613065 3.5127003593215275E-5
0.8 3.190954773869347 3.4276595065856306E-5
0.8 3.201005025125628 3.345003795766865E-5
0.8 3.21105527638191 3.264655615495048E-5
0.8 3.221105527638191 3.186540205470836E-5
0.8 3.2311557788944723 3.110585539911129E-5
0.8 3.241206030150754 3.0367222162344086E-5
0.8 3.251256281407035 2.964883348729433E-5
0.8 3.261306532663317 2.895004466964315E-5
0.8 3.271356783919598 2.827023418705738E-5
0.8 3.2814070351758793 2.76088027713023E-5
0.8 3.291457286432161 2.6965172521207772E-5
0.8 3.301507537688442 2.633878605452793E-5
0.8 3.311557788944724 2.572910569683683E-5
0.8 3.321608040201005 2.5135612705697694E-5
0.8 3.3316582914572863 2.455780652843438E-5
0.8 3.341708542713568 2.3995204091919458E-5
0.8 3.351758793969849 2.344733912287378E-5
0.8 3.361809045226131 2.2913761497248937E-5
0.8 3.371859296482412 2.239403661733706E-5
0.8 3.3819095477386933 2.1887744815319337E-5
0.8 3.391959798994975 2.1394480782030828E-5
0.8 3.4020100502512562 2.0913853019779467E-5
0.8 3.412060301507538 2.0445483318114858E-5
0.8 3.422110552763819 1.9989006251498137E-5
0.8 3.4321608040201004 1.9544068697875155E-5
0.8 3.442211055276382 1.9110329377204935E-5
0.8 3.4522613065326633 1.8687458409041624E-5
0.8 3.462311557788945 1.8275136888312077E-5
0.8 3.472361809045226 1.7873056478473587E-5
0.8 3.4824120603015074 1.7480919021274936E-5
0.8 3.492462311557789 1.7098436162382322E-5
0.8 3.5025125628140703 1.6725328992166758E-5
0.8 3.512562814070352 1.6361327700983243E-5
0.8 3.522613065326633 1.600617124830448E-5
0.8 3.5326633165829144 1.565960704510157E-5
0.8 3.542713567839196 1.532139064889356E-5
0.8 3.5527638190954773 1.4991285470914588E-5
0.8 3.562814070351759 1.466906249487337E-5
0.8 3.5728643216080402 1.4354500006804764E-5
0.8 3.5829145728643215 1.4047383335536116E-5
0.8 3.592964824120603 1.3747504603313246E-5
0.8 3.6030150753768844 1.3454662486152674E-5
0.8 3.613065326633166 1.3168661983505849E-5
0.8 3.6231155778894473 1.2889314196840964E-5
0.8 3.6331658291457285 1.261643611676548E-5
0.8 3.64321608040201 1.2349850418330169E-5
0.8 3.6532663316582914 1.2089385264171396E-5
0.8 3.663316582914573 1.1834874115164334E-5
0.8 3.6733668341708543 1.1586155548274384E-5
0.8 3.6834170854271355 1.134307308130817E-5
0.8 3.693467336683417 1.1105475004278989E-5
0.8 3.7035175879396984 1.0873214217114322E-5
0.8 3.71356783919598 1.0646148073444996E-5
0.8 3.7236180904522613 1.042413823022748E-5
0.8 3.7336683417085426 1.0207050502961487E-5
0.8 3.7437185929648242 9.994754726275648E-6
0.8 3.7537688442211055 9.78712461966419E-6
0.8 3.763819095477387 9.584037658166709E-6
0.8 3.7738693467336684 9.385374947792577E-6
0.8 3.7839195979899496 9.191021105499839E-6
0.8 3.7939698492462313 9.000864143546967E-6
0.8 3.8040201005025125 8.814795358043478E-6
0.8 3.814070351758794 8.632709221533077E-6
0.8 3.8241206030150754 8.454503279449954E-6
0.8 3.8341708542713566 8.280078050295858E-6
0.8 3.8442211055276383 8.109336929391974E-6
0.8 3.8542713567839195 7.942186096065835E-6
0.8 3.864321608040201 7.778534424139344E-6
0.8 3.8743718592964824 7.618293395589903E-6
0.8 3.884422110552764 7.461377017261634E-6
0.8 3.8944723618090453 7.3077017405091645E-6
0.8 3.9045226130653266 7.15718638366124E-6
0.8 3.9145728643216082 7.00975205719601E-6
0.8 3.9246231155778895 6.8653220915245895E-6
0.8 3.934673366834171 6.723821967283438E-6
0.8 3.9447236180904524 6.58517924804055E-6
0.8 3.9547738693467336 6.449323515324034E-6
0.8 3.9648241206030153 6.3161863058856445E-6
0.8 3.9748743718592965 6.185701051115292E-6
0.8 3.984924623115578 6.057803018525922E-6
0.8 3.9949748743718594 5.932429255231612E-6
0.8 4.005025125628141 5.809518533344587E-6
0.8 4.015075376884422 5.689011297220149E-6
0.8 4.025125628140704 5.570849612481068E-6
0.8 4.035175879396985 5.454977116756017E-6
0.8 4.045226130653266 5.341338972068926E-6
0.8 4.055276381909548 5.22988181881902E-6
0.8 4.065326633165829 5.120553731293312E-6
0.8 4.075376884422111 5.01330417465588E-6
0.8 4.085427135678392 4.908083963360422E-6
0.8 4.0954773869346734 4.804845220934514E-6
0.8 4.105527638190955 4.70354134108626E-6
0.8 4.115577889447236 4.604126950085783E-6
0.8 4.125628140703518 4.50655787037587E-6
0.8 4.135678391959799 4.410791085367968E-6
0.8 4.1457286432160805 4.316784705381254E-6
0.8 4.155778894472362 4.224497934684333E-6
0.8 4.165829145728643 4.13389103960043E-6
0.8 4.175879396984925 4.044925317638734E-6
0.8 4.185929648241206 3.957563067615665E-6
0.8 4.1959798994974875 3.8717675607314985E-6
0.8 4.206030150753769 3.78750301256889E-6
0.8 4.21608040201005 3.70473455598123E-6
0.8 4.226130653266332 3.623428214839905E-6
0.8 4.236180904522613 3.543550878610754E-6
0.8 4.2462311557788945 3.465070277731054E-6
0.8 4.256281407035176 3.387954959759544E-6
0.8 4.266331658291457 3.3121742662729253E-6
0.8 4.276381909547739 3.2376983104833055E-6
0.8 4.28643216080402 3.1644979555520256E-6
0.8 4.296482412060302 3.092544793576135E-6
0.8 4.306532663316583 3.0218111252247806E-6
0.8 4.316582914572864 2.952269940003496E-6
0.8 4.326633165829146 2.883894897125212E-6
0.8 4.336683417085427 2.8166603069676626E-6
0.8 4.346733668341709 2.7505411130974746E-6
0.8 4.35678391959799 2.6855128748420345E-6
0.8 4.366834170854271 2.62155175039091E-6
0.8 4.376884422110553 2.5586344804091826E-6
0.8 4.386934673366834 2.4967383721457994E-6
0.8 4.396984924623116 2.4358412840205345E-6
0.8 4.407035175879397 2.3759216106738607E-6
0.8 4.417085427135678 2.3169582684645E-6
0.8 4.42713567839196 2.2589306813999837E-6
0.8 4.437185929648241 2.2018187674861387E-6
0.8 4.447236180904523 2.145602925481795E-6
0.8 4.457286432160804 2.0902640220456223E-6
0.8 4.467336683417085 2.0357833792623668E-6
0.8 4.477386934673367 1.9821427625362527E-6
0.8 4.4874371859296485 1.9293243688397436E-6
0.8 4.49748743718593 1.8773108153062327E-6
0.8 4.507537688442211 1.8260851281556792E-6
0.8 4.517587939698492 1.7756307319425588E-6
0.8 4.527638190954774 1.7259314391158623E-6
0.8 4.5376884422110555 1.6769714398812463E-6
0.8 4.547738693467337 1.628735292355772E-6
0.8 4.557788944723618 1.5812079130059995E-6
0.8 4.567839195979899 1.5343745673605125E-6
0.8 4.577889447236181 1.4882208609882698E-6
0.8 4.5879396984924625 1.442732730734459E-6
0.8 4.597989949748744 1.3978964362058034E-6
0.8 4.608040201005025 1.3536985514975804E-6
0.8 4.618090452261306 1.3101259571548238E-6
0.8 4.628140703517588 1.2671658323604738E-6
0.8 4.63819095477387 1.2248056473434644E-6
0.8 4.648241206030151 1.183033155999969E-6
0.8 4.658291457286432 1.1418363887212705E-6
0.8 4.668341708542713 1.1012036454219125E-6
0.8 4.678391959798995 1.0611234887620317E-6
0.8 4.688442211055277 1.0215847375579382E-6
0.8 4.698492462311558 9.825764603752367E-7
0.8 4.708542713567839 9.440879692989533E-7
0.8 4.71859296482412 9.061088138753141E-7
0.8 4.728643216080402 8.68628775220014E-7
0.8 4.738693467336684 8.316378602879605E-7
0.8 4.748743718592965 7.951262962996484E-7
0.8 4.758793969849246 7.590845253194953E-7
0.8 4.768844221105527 7.235031989815943E-7
0.8 4.778894472361809 6.883731733585027E-7
0.8 4.788944723618091 6.536855039688226E-7
0.8 4.798994974874372 6.194314409194673E-7
0.8 4.809045226130653 5.856024241786345E-7
0.8 4.819095477386934 5.521900789756465E-7
0.8 4.8291457286432165 5.191862113239234E-7
0.8 4.839195979899498 4.865828036634875E-7
0.8 4.849246231155779 4.5437201061950915E-7
0.8 4.85929648241206 4.2254615487350723E-7
0.8 4.869346733668341 3.9109772314393864E-7
0.8 4.8793969849246235 3.600193622729961E-7
0.8 4.889447236180905 3.293038754165521E-7
0.8 4.899497487437186 2.9894421833426986E-7
0.8 4.909547738693467 2.689334957769993E-7
0.8 4.919597989949748 2.392649579686694E-7
0.8 4.9296482412060305 2.0993199717996948E-7
0.8 4.939698492462312 1.809281443912019E-7
0.8 4.949748743718593 1.522470660417621E-7
0.8 4.959798994974874 1.238825608637905E-7
0.8 4.969849246231155 9.582855679760791E-8
0.8 4.9798994974874375 6.807910798662247E-8
0.8 4.989949748743719 4.062839184947042E-8
0.8 5.0 1.347070622721479E-8
0.8 5.010050251256281 -1.3399533396500804E-8

0.6000000000000001 -0.005025125628140704 -0.0016518108133416038
0.6000000000000001 0.005025125628140704 0.0016518108133416038
0.6000000000000001 0.01507537688442211 0.002995740950452108
0.6000000000000001 0.02512562814070352 0.004027360859646458
0.6000000000000001 0.035175879396984924 0.004951125287889511
0.6000000000000001 0.04522613065326633 0.005826147928370769
0.6000000000000001 0.05527638190954774 0.006679927040916091
0.6000000000000001 0.06532663316582915 0.007528396680449683
0.6000000000000001 0.07537688442211056 0.008382177564986342
0.6000000000000001 0.08542713567839195 0.009249111007069122
0.6000000000000001 0.09547738693467336 0.010135466181211961
0.6000000000000001 0.10552763819095477 0.01104658419074248
0.6000000000000001 0.11557788944723618 0.01198725267493639
0.6000000000000001 0.12562814070351758 0.012961939694956735
0.6000000000000001 0.135678391959799 0.013974949096005478
0.6000000000000001 0.1457286432160804 0.015030529779246118
0.6000000000000001 0.15577889447236182 0.016132956879042887
0.6000000000000001 0.1658291457286432 0.017286595364398846
0.6000000000000001 0.17587939698492464 0.018495952497855194
0.6000000000000001 0.18592964824120603 0.019765723250138856
0.6000000000000001 0.19597989949748745 0.02110083138318294
0.6000000000000001 0.20603015075376885 0.02250646806548627
0.6000000000000001 0.21608040201005024 0.02398812935029658
0.6000000000000001 0.22613065326633167 0.025551653504729672
0.6000000000000001 0.23618090452261306 0.02720325895487239
0.6000000000000001 0.24623115577889448 0.028949583465323656
0.6000000000000001 0.2562814070351759 0.030797725075242106
0.6000000000000001 0.2663316582914573 0.03275528525027014
0.6000000000000001 0.2763819095477387 0.034830414670056056
0.6000000000000001 0.2864321608040201 0.037031862047470554
0.6000000000000001 0.2964824120603015 0.039369026363256586
0.6000000000000001 0.3065326633165829 0.04185201289543339
0.6000000000000001 0.3165829145728643 0.04449169342387707
0.6000000000000001 0.32663316582914576 0.04729977099527205
0.6000000000000001 0.33668341708542715 0.05028884964055364
0.6000000000000001 0.34673366834170855 0.0534725094447069
0.6000000000000001 0.35678391959798994 0.056865387376076625
0.6000000000000001 0.36683417085427134 0.0604832642878649
0.6000000000000001 0.3768844221105528 0.06434315850682217
0.6000000000000001 0.3869346733668342 0.06846342642166695
0.6000000000000001 0.3969849246231156 0.07286387047462303
0.6000000000000001 0.40703517587939697 0.07756585494143745
0.6000000000000001 0.4170854271356784 0.08259242985572376
0.6000000000000001 0.4271356783919598 0.08796846338933417
0.6000000000000001 0.4371859296482412 0.09372078293799267
0.6000000000000001 0.4472361809045226 0.09987832507618644
0.6000000000000001 0.457286432160804 0.10647229443207082
0.6000000000000001 0.46733668341708545 0.11353633138568686
0.6000000000000001 0.47738693467336685 0.12110668830481393
0.6000000000000001 0.48743718592964824 0.1292224137937393
0.6000000000000001 0.49748743718592964 0.13792554413115937
0.6000000000000001 0.507537688442211 0.14726130070283053
0.6000000000000001 0.5175879396984925 0.15727829177922967
0.6000000000000001 0.5276381909547738 0.16802871643334955
0.6000000000000001 0.5376884422110553 0.17956856772186364
0.6000000000000001 0.5477386934673367 0.19195783144541387
0.6000000000000001 0.5577889447236181 0.20526067583998903
0.6000000000000001 0.5678391959798995 0.2195456264089804
0.6000000000000001 0.577889447236181 0.23488571876108694
0.6000000000000001 0.5879396984924623 0.251358620748891
0.6000000000000001 0.5979899497487438 0.26904671338339897
0.6000000000000001 0.6080402010050251 0.28803711791013237
0.6000000000000001 0.6180904522613065 0.3084216540558451
0.6000000000000001 0.628140703517588 0.33029671178244335
0.6000000000000001 0.6381909547738693 0.3537630159183175
0.6000000000000001 0.6482412060301508 0.3789252597955979
0.6000000000000001 0.6582914572864321 0.4058915805462481
0.6000000000000001 0.6683417085427136 0.4347728450726388
0.6000000000000001 0.678391959798995 0.4656817120219924
0.6000000000000001 0.6884422110552764 0.49873143152337607
0.6000000000000001 0.6984924623115578 0.5340343412198523
0.6000000000000001 0.7085427135678392 0.5717000145549312
0.6000000000000001 0.7185929648241206 0.6118330157528238
0.6000000000000001 0.7286432160804021 0.6545302159745066
0.6000000000000001 0.7386934673366834 0.6998776273629964
0.6000000000000001 0.7487437185929648 0.7479467168622835
0.6000000000000001 0.7587939698492463 0.7987901706772184
0.6000000000000001 0.7688442211055276 0.8524370940128031
0.6000000000000001 0.7788944723618091 0.9088876503359076
0.6000000000000001 0.7889447236180904 0.9681071708922226
0.6000000000000001 0.7989949748743719 1.0300197995496498
0.6000000000000001 0.8090452261306533 1.0945017809673177
0.6000000000000001 0.8190954773869347 1.1613745519466059
0.6000000000000001 0.8291457286432161 1.2303978563210483
0.6000000000000001 0.8391959798994975 1.3012631717092575
0.6000000000000001 0.8492462311557789 1.3735878095288974
0.6000000000000001 0.8592964824120604 1.4469101240110693
0.6000000000000001 0.8693467336683417 1.5206863359848606
0.6000000000000001 0.8793969849246231 1.5942895354323177
0.6000000000000001 0.8894472361809045 1.6670114638281233
0.6000000000000001 0.8994974874371859 1.7380676819428393
0.6000000000000001 0.9095477386934674 1.8066066887655101
0.6000000000000001 0.9195979899497487 1.871723459814156
0.6000000000000001 0.9296482412060302 1.932477706580724
0.6000000000000001 0.9396984924623115 1.9879169139246176
0.6000000000000001 0.949748743718593 2.0371038839341775
0.6000000000000001 0.9597989949748744 2.079148104376661
0.6000000000000001 0.9698492462311558 2.113239776503936
0.6000000000000001 0.9798994974874372 2.138684798878023
0.6000000000000001 0.9899497487437187 2.154938438612668
0.6000000000000001 1.0 2.1616348651703223
0.6000000000000001 1.0100502512562815 2.158609217323548
0.6000000000000001 1.020100502512563 2.14590846704639
0.6000000000000001 1.0301507537688441 2.1237870798593748
0.6000000000000001 1.0402010050251256 2.0926908165090516
0.6000000000000001 1.050251256281407 2.053231913997166
0.6000000000000001 1.0603015075376885 2.0061586640336118
0.6000000000000001 1.07035175879397 1.9523220917224433
0.6000000000000001 1.0804020100502514 1.8926420505640942
0.6000000000000001 1.0904522613065326 1.828074619087428
0.6000000000000001 1.100502512562814 1.7595822378216521
0.6000000000000001 1.1105527638190955 1.6881075892762647
0.6000000000000001 1.120603015075377 1.614551820564821
0.6000000000000001 1.1306532663316584 1.539757355330493
0.6000000000000001 1.1407035175879396 1.4644952496623593
0.6000000000000001 1.150753768844221 1.389456820639121
0.6000000000000001 1.1608040201005025 1.315249115510081
0.6000000000000001 1.170854271356784 1.242393689493915
0.6000000000000001 1.1809045226130654 1.1713281128521293
0.6000000000000001 1.1909547738693467 1.102409623613154
0.6000000000000001 1.2010050251256281 1.0359203708178404
0.6000000000000001 1.2110552763819096 0.9720737444995173
0.6000000000000001 1.221105527638191 0.9110213538896075
0.6000000000000001 1.2311557788944725 0.8528602870666144
0.6000000000000001 1.2412060301507537 0.7976403575562028
0.6000000000000001 1.2512562814070352 0.7453711119469897
0.6000000000000001 1.2613065326633166 0.6960284345628389
0.6000000000000001 1.271356783919598 0.6495606390102113
0.6000000000000001 1.2814070351758795 0.6058939813589714
0.6000000000000001 1.2914572864321607 0.5649375659040143
0.6000000000000001 1.3015075376884422 0.5265876424780929
0.6000000000000001 1.3115577889447236 0.4907313150322613
0.6000000000000001 1.321608040201005 0.4572496957086171
0.6000000000000001 1.3316582914572865 0.42602054797584343
0.6000000000000001 1.3417085427135678 0.3969204676133068
0.6000000000000001 1.3517587939698492 0.36982665235324913
0.6000000000000001 1.3618090452261307 0.34461831064225973
0.6000000000000001 1.3718592964824121 0.32117775795276754
0.6000000000000001 1.3819095477386936 0.29939124592574023
0.6000000000000001 1.3919597989949748 0.27914956580229894
0.6000000000000001 1.4020100502512562 0.2603484634459987
0.6000000000000001 1.4120603015075377 0.24288889902185495
0.6000000000000001 1.4221105527638191 0.22667718026254569
0.6000000000000001 1.4321608040201006 0.21162499433767523
0.6000000000000001 1.4422110552763818 0.1976493597238128
0.6000000000000001 1.4522613065326633 0.1846725161918361
0.6000000000000001 1.4623115577889447 0.1726217680989237
0.6000000000000001 1.4723618090452262 0.1614292935923237
0.6000000000000001 1.4824120603015076 0.15103193008550048
0.6000000000000001 1.4924623115577889 0.14137094443142237
0.6000000000000001 1.5025125628140703 0.13239179456530895
0.6000000000000001 1.5125628140703518 0.12404388799092948
0.6000000000000001 1.5226130653266332 0.11628034131125345
0.6000000000000001 1.5326633165829147 0.1090577440276758
0.6000000000000001 1.542713567839196 0.10233592902575787
0.6000000000000001 1.5527638190954773 0.09607775150523366
0.6000000000000001 1.5628140703517588 0.09024887757615896
0.6000000000000001 1.5728643216080402 0.08481758331220994
0.6000000000000001 1.5829145728643217 0.07975456470930448
0.6000000000000001 1.5929648241206031 0.07503275872823831
0.6000000000000001 1.6030150753768844 0.07062717539121065
0.6000000000000001 1.6130653266331658 0.0665147407431658
0.6000000000000001 1.6231155778894473 0.06267415037062768
0.6000000000000001 1.6331658291457287 0.059085733085418535
0.6000000000000001 1.6432160804020102 0.05573132432187839
0.6000000000000001 1.6532663316582914 0.05259414875853553
0.6000000000000001 1.6633165829145728 0.04965871165417342
0.6000000000000001 1.6733668341708543 0.04691069838021624
0.6000000000000001 1.6834170854271358 0.04433688163330739
0.6000000000000001 1.6934673366834172 0.041925035821440707
0.6000000000000001 1.7035175879396984 0.039663858132035525
0.6000000000000001 1.7135678391959799 0.037542895809338846
0.6000000000000001 1.7236180904522613 0.03555247919022001
0.6000000000000001 1.7336683417085428 0.033683660070792334
0.6000000000000001 1.7437185929648242 0.031928155000566956
0.6000000000000001 1.7537688442211055 0.03027829312541048
0.6000000000000001 1.763819095477387 0.02872696822497471
0.6000000000000001 1.7738693467336684 0.02726759461415061
0.6000000000000001 1.7839195979899498 0.025894066601213656
0.6000000000000001 1.7939698492462313 0.024600721217501214
0.6000000000000001 1.8040201005025125 0.023382303954570447
0.6000000000000001 1.814070351758794 0.022233937264760837
0.6000000000000001 1.8241206030150754 0.02115109159989136
0.6000000000000001 1.8341708542713568 0.020129558780449076
0.6000000000000001 1.8442211055276383 0.01916542750409019
0.6000000000000001 1.8542713567839195 0.01825506081760334
0.6000000000000001 1.864321608040201 0.017395075390716934
0.6000000000000001 1.8743718592964824 0.016582322443318854
0.6000000000000001 1.8844221105527639 0.015813870189846434
0.6000000000000001 1.8944723618090453 0.015086987675856927
0.6000000000000001 1.9045226130653266 0.014399129892157102
0.6000000000000001 1.914572864321608 0.013747924061414618
0.6000000000000001 1.9246231155778895 0.013131157000948145
0.6000000000000001 1.934673366834171 0.012546763473451475
0.6000000000000001 1.9447236180904524 0.011992815444803967
0.6000000000000001 1.9547738693467338 0.011467512174901563
0.6000000000000001 1.964824120603015 0.010969171073660026
0.6000000000000001 1.9748743718592965 0.010496219260036917
0.6000000000000001 1.984924623115578 0.010047185767134068
0.6000000000000001 1.9949748743718594 0.00962069434121599
0.6000000000000001 2.0050251256281406 0.009215456786848802
0.6000000000000001 2.0150753768844223 0.008830266814361208
0.6000000000000001 2.0251256281407035 0.008463994349486154
0.6000000000000001 2.0351758793969847 0.00811558026838647
0.6000000000000001 2.0452261306532664 0.007784031524327482
0.6000000000000001 2.0552763819095476 0.007468416635057986
0.6000000000000001 2.0653266331658293 0.007167861502520293
0.6000000000000001 2.0753768844221105 0.006881545538851749
0.6000000000000001 2.0854271356783918 0.006608698074781522
0.6000000000000001 2.0954773869346734 0.006348595028486211
0.6000000000000001 2.1055276381909547 0.006100555814760756
0.6000000000000001 2.1155778894472363 0.0058639404760018115
0.6000000000000001 2.1256281407035176 0.005638147018002922
0.6000000000000001 2.135678391959799 0.005422608934935692
0.6000000000000001 2.1457286432160805 0.005216792909150227
0.6000000000000001 2.1557788944723617 0.005020196672581503
0.6000000000000001 2.1658291457286434 0.004832347017604639
0.6000000000000001 2.1758793969849246 0.004652797946150472
0.6000000000000001 2.1859296482412063 0.004481128946780018
0.6000000000000001 2.1959798994974875 0.004316943390230391
0.6000000000000001 2.2060301507537687 0.004159867034690754
0.6000000000000001 2.2160804020100504 0.004009546632751759
0.6000000000000001 2.2261306532663316 0.003865648632600164
0.6000000000000001 2.2361809045226133 0.0037278579666070602
0.6000000000000001 2.2462311557788945 0.0035958769209879877
0.6000000000000001 2.2562814070351758 0.003469424080699556
0.6000000000000001 2.2663316582914574 0.0033482333441845064
0.6000000000000001 2.2763819095477387 0.0032320530029879458
0.6000000000000001 2.2864321608040203 0.003120644881645514
0.6000000000000001 2.2964824120603016 0.0030137835335918516
0.6000000000000001 2.306532663316583 0.002911255489157507
0.6000000000000001 2.3165829145728645 0.002812858552016986
0.6000000000000001 2.3266331658291457 0.0027184011407217178
0.6000000000000001 2.3366834170854274 0.002627701672201366
0.6000000000000001 2.3467336683417086 0.002540587984347248
0.6000000000000001 2.35678391959799 0.002456896795003519
0.6000000000000001 2.3668341708542715 0.002376473194887603
0.6000000000000001 2.3768844221105527 0.002299170172141687
0.6000000000000001 2.3869346733668344 0.00222484816638364
0.6000000000000001 2.3969849246231156 0.002153374650279501
0.6000000000000001 2.407035175879397 0.002084623736801531
0.6000000000000001 2.4170854271356785 0.0020184758104671023
0.6000000000000001 2.4271356783919598 0.001954817180974782
0.6000000000000001 2.4371859296482414 0.0018935397577660663
0.6000000000000001 2.4472361809045227 0.001834540744144846
0.6000000000000001 2.457286432160804 0.0017777223496825182
0.6000000000000001 2.4673366834170856 0.0017229915197254071
0.6000000000000001 2.477386934673367 0.0016702596809032879
0.6000000000000001 2.4874371859296485 0.0016194425016138566
0.6000000000000001 2.4974874371859297 0.0015704596665285227
0.6000000000000001 2.507537688442211 0.0015232346642301566
0.6000000000000001 2.5175879396984926 0.0014776945871540462
0.6000000000000001 2.527638190954774 0.0014337699430594395
0.6000000000000001 2.5376884422110555 0.0013913944773111865
0.6000000000000001 2.5477386934673367 0.0013505050052993752
0.6000000000000001 2.557788944723618 0.0013110412543697015
0.6000000000000001 2.5678391959798996 0.001272945714679115
0.6000000000000001 2.577889447236181 0.0012361634984299386
0.6000000000000001 2.5879396984924625 0.0012006422069717317
0.6000000000000001 2.5979899497487438 0.001166331805293637
0.6000000000000001 2.608040201005025 0.001133184503461075
0.6000000000000001 2.6180904522613067 0.001101154644579647
0.6000000000000001 2.628140703517588 0.001070198598896055
0.6000000000000001 2.6381909547738696 0.001040274663670943
0.6000000000000001 2.648241206030151 0.001011342968481972
0.6000000000000001 2.658291457286432 9.83365385637177E-4
0.6000000000000001 2.6683417085427137 9.563054453989918E-4
0.6000000000000001 2.678391959798995 9.301282557382128E-4
0.6000000000000001 2.6884422110552766 9.048004263548351E-4
0.6000000000000001 2.698492462311558 8.802899967191523E-4
0.6000000000000001 2.708542713567839 8.565663679018572E-4
0.6000000000000001 2.7185929648241207 8.33600237976223E-4
0.6000000000000001 2.728643216080402 8.113635407888274E-4
0.6000000000000001 2.7386934673366836 7.898293879077806E-4
0.6000000000000001 2.748743718592965 7.689720135691024E-4
0.6000000000000001 2.758793969849246 7.487667224527973E-4
0.6000000000000001 2.7688442211055277 7.29189840130402E-4
0.6000000000000001 2.778894472361809 7.102186660352995E-4
0.6000000000000001 2.7889447236180906 6.918314288160357E-4
0.6000000000000001 2.798994974874372 6.740072439412216E-4
0.6000000000000001 2.809045226130653 6.567260734324282E-4
0.6000000000000001 2.819095477386935 6.399686876087884E-4
0.6000000000000001 2.829145728643216 6.237166287339025E-4
0.6000000000000001 2.8391959798994977 6.079521764620289E-4
0.6000000000000001 2.849246231155779 5.92658314986598E-4
0.6000000000000001 2.85929648241206 5.778187017997116E-4
0.6000000000000001 2.869346733668342 5.634176379765728E-4
0.6000000000000001 2.879396984924623 5.494400399037771E-4
0.6000000000000001 2.8894472361809047 5.358714123750241E-4
0.6000000000000001 2.899497487437186 5.226978229822047E-4
0.6000000000000001 2.909547738693467 5.099058777338916E-4
0.6000000000000001 2.919597989949749 4.974826978371428E-4
0.6000000000000001 2.92964824120603 4.854158975821103E-4
0.6000000000000001 2.9396984924623117 4.736935632723834E-4
0.6000000000000001 2.949748743718593 4.623042331471481E-4
0.6000000000000001 2.959798994974874 4.51236878244283E-4
0.6000000000000001 2.969849246231156 4.4048088415630604E-4
0.6000000000000001 2.979899497487437 4.300260336337636E-4
0.6000000000000001 2.9899497487437188 4.1986248999312725E-4
0.6000000000000001 3.0 4.0998078128864316E-4
0.6000000000000001 3.0100502512562817 4.0037178520975405E-4
0.6000000000000001 3.020100502512563 3.9102671466783575E-4
0.6000000000000001 3.030150753768844 3.8193710403791777E-4
0.6000000000000001 3.040201005025126 3.7309479602292686E-4
0.6000000000000001 3.050251256281407 3.644919291097225E-4
0.6000000000000001 3.0603015075376887 3.561209255878347E-4
0.6000000000000001 3.07035175879397 3.479744801033658E-4
0.6000000000000001 3.080402010050251 3.4004554872197273E-4
0.6000000000000001 3.090452261306533 3.323273384762174E-4
0.6000000000000001 3.100502512562814 3.2481329737387923E-4
0.6000000000000001 3.1105527638190957 3.174971048450405E-4
0.6000000000000001 3.120603015075377 3.103726626069156E-4
0.6000000000000001 3.130653266331658 3.0343408592647904E-4
0.6000000000000001 3.14070351758794 2.966756952619894E-4
0.6000000000000001 3.150753768844221 2.900920082654647E-4
0.6000000000000001 3.1608040201005028 2.836777321290933E-4
0.6000000000000001 3.170854271356784 2.774277562594343E-4
0.6000000000000001 3.180904522613065 2.713371452640708E-4
0.6000000000000001 3.190954773869347 2.65401132236169E-4
0.6000000000000001 3.201005025125628 2.5961511232312475E-4
0.6000000000000001 3.21105527638191 2.539746365661645E-4
0.6000000000000001 3.221105527638191 2.484754059984423E-4
0.6000000000000001 3.2311557788944723 2.431132659897787E-4
0.6000000000000001 3.241206030150754 2.3788420082678473E-4
0.6000000000000001 3.251256281407035 2.3278432851766786E-4
0.6000000000000001 3.261306532663317 2.2780989581154497E-4
0.6000000000000001 3.271356783919598 2.2295727342258473E-4
0.6000000000000001 3.2814070351758793 2.1822295144977624E-4
0.6000000000000001 3.291457286432161 2.1360353498356895E-4
0.6000000000000001 3.301507537688442 2.0909573989105122E-4
0.6000000000000001 3.311557788944724 2.0469638877174015E-4
0.6000000000000001 3.321608040201005 2.0040240707643416E-4
0.6000000000000001 3.3316582914572863 1.9621081938194315E-4
0.6000000000000001 3.341708542713568 1.9211874581485404E-4
0.6000000000000001 3.351758793969849 1.8812339861781516E-4
0.6000000000000001 3.361809045226131 1.8422207885212798E-4
0.6000000000000001 3.371859296482412 1.8041217323073726E-4
0.6000000000000001 3.3819095477386933 1.7669115107597528E-4
0.6000000000000001 3.391959798994975 1.7305656139669271E-4
0.6000000000000001 3.4020100502512562 1.695060300796532E-4
0.6000000000000001 3.412060301507538 1.660372571903042E-4
0.6000000000000001 3.422110552763819 1.6264801437827146E-4
0.6000000000000001 3.4321608040201004 1.5933614238313086E-4
0.6000000000000001 3.442211055276382 1.560995486362213E-4
0.6000000000000001 3.4522613065326633 1.5293620495445396E-4
0.6000000000000001 3.462311557788945 1.4984414532225748E-4
0.6000000000000001 3.472361809045226 1.4682146375797763E-4
0.6000000000000001 3.4824120603015074 1.4386631226121128E-4
0.6000000000000001 3.492462311557789 1.4097689883771955E-4
0.6000000000000001 3.5025125628140703 1.381514855987115E-4
0.6000000000000001 3.512562814070352 1.3538838693143436E-4
0.6000000000000001 3.522613065326633 1.3268596773814627E-4
0.6000000000000001 3.5326633165829144 1.300426417406729E-4
0.6000000000000001 3.542713567839196 1.274568698478772E-4
0.6000000000000001 3.5527638190954773 1.249271585834881E-4
0.6000000000000001 3.562814070351759 1.2245205857184494E-4
0.6000000000000001 3.5728643216080402 1.2003016307922566E-4
0.6000000000000001 3.5829145728643215 1.1766010660852528E-4
0.6000000000000001 3.592964824120603 1.1534056354514752E-4
0.6000000000000001 3.6030150753768844 1.1307024685207123E-4
0.6000000000000001 3.613065326633166 1.1084790681213321E-4
0.6000000000000001 3.6231155778894473 1.0867232981566139E-4
0.6000000000000001 3.6331658291457285 1.0654233719166528E-4
0.6000000000000001 3.64321608040201 1.0445678408087445E-4
0.6000000000000001 3.6532663316582914 1.0241455834898215E-4
0.6000000000000001 3.663316582914573 1.0041457953852563E-4
0.6000000000000001 3.6733668341708543 9.84557978578999E-5
0.6000000000000001 3.6834170854271355 9.653719320606332E-5
0.6000000000000001 3.693467336683417 9.465777423155726E-5
0.6000000000000001 3.7035175879396984 9.28165774245175E-5
0.6000000000000001 3.71356783919598 9.101266624041062E-5
0.6000000000000001 3.7236180904522613 8.924513025428288E-5
0.6000000000000001 3.7336683417085426 8.751308434435748E-5
0.6000000000000001 3.7437185929648242 8.581566790386534E-5
0.6000000000000001 3.7537688442211055 8.415204408004088E-5
0.6000000000000001 3.763819095477387 8.252139903925688E-5
0.6000000000000001 3.7738693467336684 8.092294125731582E-5
0.6000000000000001 3.7839195979899496 7.935590083395438E-5
0.6000000000000001 3.7939698492462313 7.781952883065676E-5
0.6000000000000001 3.8040201005025125 7.631309663090873E-5
0.6000000000000001 3.814070351758794 7.483589532205973E-5
0.6000000000000001 3.8241206030150754 7.33872350979934E-5
0.6000000000000001 3.8341708542713566 7.196644468183962E-5
0.6000000000000001 3.8442211055276383 7.057287076799173E-5
0.6000000000000001 3.8542713567839195 6.920587748272166E-5
0.6000000000000001 3.864321608040201 6.786484586271352E-5
0.6000000000000001 3.8743718592964824 6.654917335086506E-5
0.6000000000000001 3.884422110552764 6.525827330872884E-5
0.6000000000000001 3.8944723618090453 6.399157454499274E-5
0.6000000000000001 3.9045226130653266 6.27485208594219E-5
0.6000000000000001 3.9145728643216082 6.152857060170572E-5
0.6000000000000001 3.9246231155778895 6.033119624467743E-5
0.6000000000000001 3.934673366834171 5.91558839713919E-5
0.6000000000000001 3.9447236180904524 5.8002133275570455E-5
0.6000000000000001 3.9547738693467336 5.686945657493659E-5
0.6000000000000001 3.9648241206030153 5.5757378836988596E-5
0.6000000000000001 3.9748743718592965 5.466543721676998E-5
0.6000000000000001 3.984924623115578 5.3593180706216016E-5
0.6000000000000001 3.9949748743718594 5.2540169794671983E-5
0.6000000000000001 4.005025125628141 5.150597614019189E-5
0.6000000000000001 4.015075376884422 5.0490182251243766E-5
0.6000000000000001 4.025125628140704 4.9492381178459205E-5
0.6000000000000001 4.035175879396985 4.851217621608127E-5
0.6000000000000001 4.045226130653266 4.7549180612774684E-5
0.6000000000000001 4.055276381909548 4.660301729147834E-5
0.6000000000000001 4.065326633165829 4.5673318577988786E-5
0.6000000000000001 4.075376884422111 4.475972593797717E-5
0.6000000000000001 4.085427135678392 4.386188972215273E-5
0.6000000000000001 4.0954773869346734 4.2979468919295215E-5
0.6000000000000001 4.105527638190955 4.211213091689104E-5
0.6000000000000001 4.115577889447236 4.125955126911597E-5
0.6000000000000001 4.125628140703518 4.042141347191711E-5
0.6000000000000001 4.135678391959799 3.959740874495658E-5
0.6000000000000001 4.1457286432160805 3.8787235820186735E-5
0.6000000000000001 4.155778894472362 3.79906007368367E-5
0.6000000000000001 4.165829145728643 3.720721664259605E-5
0.6000000000000001 4.175879396984925 3.6436803600791475E-5
0.6000000000000001 4.185929648241206 3.567908840335722E-5
0.6000000000000001 4.1959798994974875 3.493380438940928E-5
0.6000000000000001 4.206030150753769 3.420069126923895E-5
0.6000000000000001 4.21608040201005 3.347949495354824E-5
0.6000000000000001 4.226130653266332 3.2769967387756074E-5
0.6000000000000001 4.236180904522613 3.207186639121021E-5
0.6000000000000001 4.2462311557788945 3.1384955501145426E-5
0.6000000000000001 4.256281407035176 3.070900382123465E-5
0.6000000000000001 4.266331658291457 3.004378587458465E-5
0.6000000000000001 4.276381909547739 2.9389081461033163E-5
0.6000000000000001 4.28643216080402 2.8744675518609726E-5
0.6000000000000001 4.296482412060302 2.811035798902658E-5
0.6000000000000001 4.306532663316583 2.7485923687071544E-5
0.6000000000000001 4.316582914572864 2.6871172173778592E-5
0.6000000000000001 4.326633165829146 2.6265907633255883E-5
0.6000000000000001 4.336683417085427 2.5669938753056387E-5
0.6000000000000001 4.346733668341709 2.5083078607978603E-5
0.6000000000000001 4.35678391959799 2.4505144547189888E-5
0.6000000000000001 4.366834170854271 2.3935958084568285E-5
0.6000000000000001 4.376884422110553 2.3375344792161848E-5
0.6000000000000001 4.386934673366834 2.2823134196668692E-5
0.6000000000000001 4.396984924623116 2.2279159678843337E-5
0.6000000000000001 4.407035175879397 2.1743258375739154E-5
0.6000000000000001 4.417085427135678 2.121527108569885E-5
0.6000000000000001 4.42713567839196 2.069504217600822E-5
0.6000000000000001 4.437185929648241 2.0182419493131717E-5
0.6000000000000001 4.447236180904523 1.9677254275450052E-5
0.6000000000000001 4.457286432160804 1.9179401068423844E-5
0.6000000000000001 4.467336683417085 1.8688717642109066E-5
0.6000000000000001 4.477386934673367 1.820506491095278E-5
0.6000000000000001 4.4874371859296485 1.7728306855800186E-5
0.6000000000000001 4.49748743718593 1.7258310448045868E-5
0.6000000000000001 4.507537688442211 1.6794945575864667E-5
0.6000000000000001 4.517587939698492 1.6338084972459782E-5
0.6000000000000001 4.527638190954774 1.5887604146267294E-5
0.6000000000000001 4.5376884422110555 1.5443381313058827E-5
0.6000000000000001 4.547738693467337 1.5005297329885574E-5
0.6000000000000001 4.557788944723618 1.4573235630809016E-5
0.6000000000000001 4.567839195979899 1.4147082164365167E-5
0.6000000000000001 4.577889447236181 1.3726725332711198E-5
0.6000000000000001 4.5879396984924625 1.3312055932404682E-5
0.6000000000000001 4.597989949748744 1.2902967096767408E-5
0.6000000000000001 4.608040201005025 1.2499354239787316E-5
0.6000000000000001 4.618090452261306 1.2101115001513414E-5
0.6000000000000001 4.628140703517588 1.1708149194900168E-5
0.6000000000000001 4.63819095477387 1.1320358754059092E-5
0.6000000000000001 4.648241206030151 1.0937647683876655E-5
0.6000000000000001 4.658291457286432 1.0559922010959004E-5
0.6000000000000001 4.668341708542713 1.0187089735865015E-5
0.6000000000000001 4.678391959798995 9.819060786590707E-6
0.6000000000000001 4.688442211055277 9.455746973268916E-6
0.6000000000000001 4.698492462311558 9.097061944049453E-6
0.6000000000000001 4.708542713567839 8.74292114212598E-6
0.6000000000000001 4.71859296482412 8.393241763876843E-6
0.6000000000000001 4.728643216080402 8.047942718088291E-6
0.6000000000000001 4.738693467336684 7.706944586229264E-6
0.6000000000000001 4.748743718592965 7.370169583747963E-6
0.6000000000000001 4.758793969849246 7.037541522361495E-6
0.6000000000000001 4.768844221105527 6.708985773310491E-6
0.6000000000000001 4.778894472361809 6.384429231551682E-6
0.6000000000000001 4.788944723618091 6.063800280862109E-6
0.6000000000000001 4.798994974874372 5.747028759829512E-6
0.6000000000000001 4.809045226130653 5.434045928704193E-6
0.6000000000000001 4.819095477386934 5.124784437088424E-6
0.6000000000000001 4.8291457286432165 4.819178292440134E-6
0.6000000000000001 4.839195979899498 4.517162829368369E-6
0.6000000000000001 4.849246231155779 4.218674679698702E-6
0.6000000000000001 4.85929648241206 3.923651743287351E-6
0.6000000000000001 4.869346733668341 3.632033159563505E-6
0.6000000000000001 4.8793969849246235 3.3437592797798605E-6
0.6000000000000001 4.889447236180905 3.058771639952067E-6
0.6000000000000001 4.899497487437186 2.7770129344682855E-6
0.6000000000000001 4.909547738693467 2.4984269903506407E-6
0.6000000000000001 4.919597989949748 2.222958742150902E-6
0.6000000000000001 4.9296482412060305 1.950554207463236E-6
0.6000000000000001 4.939698492462312 1.6811604630373761E-6
0.6000000000000001 4.949748743718593 1.414725621476041E-6
0.6000000000000001 4.959798994974874 1.1511988085009323E-6
0.6000000000000001 4.969849246231155 8.905301407720702E-7
0.6000000000000001 4.9798994974874375 6.326707042456752E-7
0.6000000000000001 4.989949748743719 3.775725330562616E-7
0.6000000000000001 5.0 1.2518858890897706E-7
0.6000000000000001 5.010050251256281 -1.2452725903132344E-7

0.4000000000000001 -0.005025125628140704 -0.003339627966509973
0.4000000000000001 0.005025125628140704 0.003339627966509973
0.4000000000000001 0.01507537688442211 0.006055017387203855
0.4000000000000001 0.02512562814070352 0.008133804354549018
0.4000000000000001 0.035175879396984924 0.009988320915220701
0.4000000000000001 0.04522613065326633 0.011737212350983378
0.4000000000000001 0.05527638190954774 0.013435173704575918
0.4000000000000001 0.06532663316582915 0.015113456987593057
0.4000000000000001 0.07537688442211056 0.016792494089762484
0.4000000000000001 0.08542713567839195 0.018487008399479688
0.4000000000000001 0.09547738693467336 0.020208444884210978
0.4000000000000001 0.10552763819095477 0.02196626126762294
0.4000000000000001 0.11557788944723618 0.02376867377457301
0.4000000000000001 0.12562814070351758 0.025623117482293387
0.4000000000000001 0.135678391959799 0.027536546844427454
0.4000000000000001 0.1457286432160804 0.029515641799220473
0.4000000000000001 0.15577889447236182 0.03156695568626961
0.4000000000000001 0.1658291457286432 0.03369702607506522
0.4000000000000001 0.17587939698492464 0.03591246133823746
0.4000000000000001 0.18592964824120603 0.03822001106799239
0.4000000000000001 0.19597989949748745 0.040626625616267606
0.4000000000000001 0.20603015075376885 0.04313950830436204
0.4000000000000001 0.21608040201005024 0.04576616274780627
0.4000000000000001 0.22613065326633167 0.04851443702618392
0.4000000000000001 0.23618090452261306 0.05139256595024168
0.4000000000000001 0.24623115577889448 0.05440921235320925
0.4000000000000001 0.2562814070351759 0.057573508106551735
0.4000000000000001 0.2663316582914573 0.060895095398845106
0.4000000000000001 0.2763819095477387 0.0643841686984443
0.4000000000000001 0.2864321608040201 0.06805151773175952
0.4000000000000001 0.2964824120603015 0.07190857173953764
0.4000000000000001 0.3065326633165829 0.07596744521675301
0.4000000000000001 0.3165829145728643 0.08024098529262544
0.4000000000000001 0.32663316582914576 0.08474282086220711
0.4000000000000001 0.33668341708542715 0.08948741353698843
0.4000000000000001 0.34673366834170855 0.09449011043663974
0.4000000000000001 0.35678391959798994 0.09976719879518402
0.4000000000000001 0.36683417085427134 0.10533596230058861
0.4000000000000001 0.3768844221105528 0.1112147390250095
0.4000000000000001 0.3869346733668342 0.11742298073173689
0.4000000000000001 0.3969849246231156 0.12398131326217779
0.4000000000000001 0.40703517587939697 0.1309115976097517
0.4000000000000001 0.4170854271356784 0.13823699117496402
0.4000000000000001 0.4271356783919598 0.14598200856455198
0.4000000000000001 0.4371859296482412 0.15417258114465326
0.4000000000000001 0.4472361809045226 0.162836114380383
0.4000000000000001 0.457286432160804 0.172001541788766
0.4000000000000001 0.46733668341708545 0.18169937409522846
0.4000000000000001 0.47738693467336685 0.1919617419122354
0.4000000000000001 0.48743718592964824 0.20282242994856287
0.4000000000000001 0.49748743718592964 0.2143169004055779
0.4000000000000001 0.507537688442211 0.22648230281949824
0.4000000000000001 0.5175879396984925 0.23935746716309675
0.4000000000000001 0.5276381909547738 0.25298287652476353
0.4000000000000001 0.5376884422110553 0.2674006151364266
0.4000000000000001 0.5477386934673367 0.2826542869255969
0.4000000000000001 0.5577889447236181 0.29878889912413736
0.4000000000000001 0.5678391959798995 0.3158507047839451
0.4000000000000001 0.577889447236181 0.33388699733857097
0.4000000000000001 0.5879396984924623 0.3529458496263599
0.4000000000000001 0.5979899497487438 0.3730757890784544
0.4000000000000001 0.6080402010050251 0.3943254001061157
0.4000000000000001 0.6180904522613065 0.41674284413893964
0.4000000000000001 0.628140703517588 0.4403752873239915
0.4000000000000001 0.6381909547738693 0.46526822566569304
0.4000000000000001 0.6482412060301508 0.49146469745431803
0.4000000000000001 0.6582914572864321 0.5190043733027233
0.4000000000000001 0.6683417085427136 0.5479225151117665
0.4000000000000001 0.678391959798995 0.5782487969601064
0.4000000000000001 0.6884422110552764 0.6100059834276955
0.4000000000000001 0.6984924623115578 0.6432084643928933
0.4000000000000001 0.7085427135678392 0.6778606500771516
0.4000000000000001 0.7185929648241206 0.713955236231074
0.4000000000000001 0.7286432160804021 0.7514713570229141
0.4000000000000001 0.7386934673366834 0.7903726525219773
0.4000000000000001 0.7487437185929648 0.8306052887050072
0.4000000000000001 0.7587939698492463 0.8720959805767508
0.4000000000000001 0.7688442211055276 0.9147500830441226
0.4000000000000001 0.7788944723618091 0.9584498291531142
0.4000000000000001 0.7889447236180904 1.003052810444936
0.4000000000000001 0.7989949748743719 1.0483908084315117
0.4000000000000001 0.8090452261306533 1.0942690980669536
0.4000000000000001 0.8190954773869347 1.140466351735337
0.4000000000000001 0.8291457286432161 1.186735273439914
0.4000000000000001 0.8391959798994975 1.232804085024353
0.4000000000000001 0.8492462311557789 1.2783789667181307
0.4000000000000001 0.8592964824120604 1.3231475205663372
0.4000000000000001 0.8693467336683417 1.366783275426003
0.4000000000000001 0.8793969849246231 1.4089511853190075
0.4000000000000001 0.8894472361809045 1.449313989881434
0.4000000000000001 0.8994974874371859 1.4875392097236693
0.4000000000000001 0.9095477386934674 1.5233064471123385
0.4000000000000001 0.9195979899497487 1.5563145635733755
0.4000000000000001 0.9296482412060302 1.5862882248110575
0.4000000000000001 0.9396984924623115 1.612983257529503
0.4000000000000001 0.949748743718593 1.6361902731125708
0.4000000000000001 0.9597989949748744 1.6557361019367172
0.4000000000000001 0.9698492462311558 1.6714827708687083
0.4000000000000001 0.9798994974874372 1.683324063080434
0.4000000000000001 0.9899497487437187 1.6911801345751833
0.4000000000000001 1.0 1.6949912263812625
0.4000000000000001 1.0100502512562815 1.6947121928232174
0.4000000000000001 1.020100502512563 1.6903103375310546
0.4000000000000001 1.0301507537688441 1.681769868049542
0.4000000000000001 1.0402010050251256 1.6690996771890316
0.4000000000000001 1.050251256281407 1.6523418931291096
0.4000000000000001 1.0603015075376885 1.6315793542641877
0.4000000000000001 1.07035175879397 1.6069408230489577
0.4000000000000001 1.0804020100502514 1.5786033270737552
0.4000000000000001 1.0904522613065326 1.5467914859320133
0.4000000000000001 1.100502512562814 1.5117740398352155
0.4000000000000001 1.1105527638190955 1.473858040732662
0.4000000000000001 1.120603015075377 1.4333813074944355
0.4000000000000001 1.1306532663316584 1.3907037982576431
0.4000000000000001 1.1407035175879396 1.3461985337997522
0.4000000000000001 1.150753768844221 1.3002426356373415
0.4000000000000001 1.1608040201005025 1.2532089406174698
0.4000000000000001 1.170854271356784 1.2054585370043478
0.4000000000000001 1.1809045226130654 1.1573344491986628
0.4000000000000001 1.1909547738693467 1.1091565893816038
0.4000000000000001 1.2010050251256281 1.0612180011155377
0.4000000000000001 1.2110552763819096 1.0137823456601502
0.4000000000000001 1.221105527638191 0.9670825273116943
0.4000000000000001 1.2311557788944725 0.9213203183856907
0.4000000000000001 1.2412060301507537 0.8766668252463498
0.4000000000000001 1.2512562814070352 0.8332636310847061
0.4000000000000001 1.2613065326633166 0.791224455804464
0.4000000000000001 1.271356783919598 0.7506371853609218
0.4000000000000001 1.2814070351758795 0.7115661395259402
0.4000000000000001 1.2914572864321607 0.674054466085695
0.4000000000000001 1.3015075376884422 0.6381265691708936
0.4000000000000001 1.3115577889447236 0.6037904984930815
0.4000000000000001 1.321608040201005 0.5710402438537567
0.4000000000000001 1.3316582914572865 0.5398578948903935
0.4000000000000001 1.3417085427135678 0.5102156393831679
0.4000000000000001 1.3517587939698492 0.48207758452885185
0.4000000000000001 1.3618090452261307 0.4554013944952296
0.4000000000000001 1.3718592964824121 0.43013974449076997
0.4000000000000001 1.3819095477386936 0.4062415967595056
0.4000000000000001 1.3919597989949748 0.38365330759787625
0.4000000000000001 1.4020100502512562 0.3623195769442944
0.4000000000000001 1.4120603015075377 0.3421842535526403
0.4000000000000001 1.4221105527638191 0.3231910094427529
0.4000000000000001 1.4321608040201006 0.30528389741115086
0.4000000000000001 1.4422110552763818 0.2884078050415004
0.4000000000000001 1.4522613065326633 0.2725088180068742
0.4000000000000001 1.4623115577889447 0.2575345046091249
0.4000000000000001 1.4723618090452262 0.24343413253690435
0.4000000000000001 1.4824120603015076 0.23015882780581057
0.4000000000000001 1.4924623115577889 0.21766168481854942
0.4000000000000001 1.5025125628140703 0.20589783548343604
0.4000000000000001 1.5125628140703518 0.19482448437901062
0.4000000000000001 1.5226130653266332 0.18440091606573739
0.4000000000000001 1.5326633165829147 0.17458847983107517
0.4000000000000001 1.542713567839196 0.16535055641529023
0.4000000000000001 1.5527638190954773 0.15665251060238933
0.4000000000000001 1.5628140703517588 0.14846163297122972
0.4000000000000001 1.5728643216080402 0.14074707358234
0.4000000000000001 1.5829145728643217 0.1334797699213435
0.4000000000000001 1.5929648241206031 0.12663237102472275
0.4000000000000001 1.6030150753768844 0.12017915937231971
0.4000000000000001 1.6130653266331658 0.11409597183785866
0.4000000000000001 1.6231155778894473 0.10836012073851639
0.4000000000000001 1.6331658291457287 0.10295031581204776
0.4000000000000001 1.6432160804020102 0.09784658777053303
0.4000000000000001 1.6532663316582914 0.0930302139291297
0.4000000000000001 1.6633165829145728 0.0884836462824335
0.4000000000000001 1.6733668341708543 0.08419044229671155
0.4000000000000001 1.6834170854271358 0.0801351986002924
0.4000000000000001 1.6934673366834172 0.0763034876840968
0.4000000000000001 1.7035175879396984 0.07268179766728242
0.4000000000000001 1.7135678391959799 0.06925747513721997
0.4000000000000001 1.7236180904522613 0.06601867103671974
0.4000000000000001 1.7336683417085428 0.06295428954305712
0.4000000000000001 1.7437185929648242 0.060053939861584006
0.4000000000000001 1.7537688442211055 0.05730789084043102
0.4000000000000001 1.763819095477387 0.05470702830104368
0.4000000000000001 1.7738693467336684 0.05224281497124037
0.4000000000000001 1.7839195979899498 0.049907252902437
0.4000000000000001 1.7939698492462313 0.047692848250080286
0.4000000000000001 1.8040201005025125 0.04559257829567133
0.4000000000000001 1.814070351758794 0.043599860589643276
0.4000000000000001 1.8241206030150754 0.04170852409644006
0.4000000000000001 1.8341708542713568 0.03991278222614193
0.4000000000000001 1.8442211055276383 0.03820720764067096
0.4000000000000001 1.8542713567839195 0.036586708726792434
0.4000000000000001 1.864321608040201 0.035046507632647786
0.4000000000000001 1.8743718592964824 0.0335821197692909
0.4000000000000001 1.8844221105527639 0.03218933468354343
0.4000000000000001 1.8944723618090453 0.03086419821336244
0.4000000000000001 1.9045226130653266 0.02960299584175477
0.4000000000000001 1.914572864321608 0.02840223717003184
0.4000000000000001 1.9246231155778895 0.027258641435837377
0.4000000000000001 1.934673366834171 0.02616912400586651
0.4000000000000001 1.9447236180904524 0.025130783777516656
0.4000000000000001 1.9547738693467338 0.024140891427842863
0.4000000000000001 1.964824120603015 0.023196878452135496
0.4000000000000001 1.9748743718592965 0.022296326938183487
0.4000000000000001 1.984924623115578 0.021436960025835766
0.4000000000000001 1.9949748743718594 0.020616633004825725
0.4000000000000001 2.0050251256281406 0.019833325006983978
0.4000000000000001 2.0150753768844223 0.019085131251936508
0.4000000000000001 2.0251256281407035 0.018370255808176587
0.4000000000000001 2.0351758793969847 0.017687004834014898
0.4000000000000001 2.0452261306532664 0.017033780265361953
0.4000000000000001 2.0552763819095476 0.016409073919587645
0.4000000000000001 2.0653266331658293 0.01581146198684162
0.4000000000000001 2.0753768844221105 0.015239599882215881
0.4000000000000001 2.0854271356783918 0.014692217433991807
0.4000000000000001 2.0954773869346734 0.014168114384949434
0.4000000000000001 2.1055276381909547 0.013666156185332139
0.4000000000000001 2.1155778894472363 0.013185270057563078
0.4000000000000001 2.1256281407035176 0.0127244413142093
0.4000000000000001 2.135678391959799 0.0122827099119893
0.4000000000000001 2.1457286432160805 0.011859167225829366
0.4000000000000001 2.1557788944723617 0.01145295302809759
0.4000000000000001 2.1658291457286434 0.01106325265918797
0.4000000000000001 2.1758793969849246 0.010689294376597217
0.4000000000000001 2.1859296482412063 0.010330346870536774
0.4000000000000001 2.1959798994974875 0.009985716934959418
0.4000000000000001 2.2060301507537687 0.00965474728365567
0.4000000000000001 2.2160804020100504 0.009336814501796617
0.4000000000000001 2.2261306532663316 0.009031327123968863
0.4000000000000001 2.2361809045226133 0.008737723830368636
0.4000000000000001 2.2462311557788945 0.008455471753399314
0.4000000000000001 2.2562814070351758 0.00818406488745194
0.4000000000000001 2.2663316582914574 0.00792302259514602
0.4000000000000001 2.2763819095477387 0.007671888203769446
0.4000000000000001 2.2864321608040203 0.007430227686085535
0.4000000000000001 2.2964824120603016 0.007197628420073448
0.4000000000000001 2.306532663316583 0.006973698022538219
0.4000000000000001 2.3165829145728645 0.006758063251870526
0.4000000000000001 2.3266331658291457 0.00655036897555573
0.4000000000000001 2.3366834170854274 0.006350277198328198
0.4000000000000001 2.3467336683417086 0.006157466147143492
0.4000000000000001 2.35678391959799 0.005971629409396567
0.4000000000000001 2.3668341708542715 0.005792475121053394
0.4000000000000001 2.3768844221105527 0.005619725201584581
0.4000000000000001 2.3869346733668344 0.005453114632796068
0.4000000000000001 2.3969849246231156 0.005292390778843861
0.4000000000000001 2.407035175879397 0.005137312744898124
0.4000000000000001 2.4170854271356785 0.004987650772088367
0.4000000000000001 2.4271356783919598 0.00484318566651599
0.4000000000000001 2.4371859296482414 0.004703708260264514
0.4000000000000001 2.4472361809045227 0.004569018902472071
0.4000000000000001 2.457286432160804 0.004438926978655572
0.4000000000000001 2.4673366834170856 0.004313250456592544
0.4000000000000001 2.477386934673367 0.004191815457175111
0.4000000000000001 2.4874371859296485 0.0040744558487516725
0.4000000000000001 2.4974874371859297 0.003961012863566431
0.4000000000000001 2.507537688442211 0.003851334734994636
0.4000000000000001 2.5175879396984926 0.0037452763543537174
0.4000000000000001 2.527638190954774 0.0036426989461469882
0.4000000000000001 2.5376884422110555 0.0035434697606681327
0.4000000000000001 2.5477386934673367 0.0034474617829615066
0.4000000000000001 2.557788944723618 0.003354553457195501
0.4000000000000001 2.5678391959798996 0.0032646284255646706
0.4000000000000001 2.577889447236181 0.0031775752808905393
0.4000000000000001 2.5879396984924625 0.003093287332141991
0.4000000000000001 2.5979899497487438 0.003011662382143688
0.4000000000000001 2.608040201005025 0.0029326025167853613
0.4000000000000001 2.6180904522613067 0.0028560139050865067
0.4000000000000001 2.628140703517588 0.0027818066095098358
0.4000000000000001 2.6381909547738696 0.002709894405953312
0.4000000000000001 2.648241206030151 0.0026401946128846742
0.4000000000000001 2.658291457286432 0.002572627929114234
0.4000000000000001 2.6683417085427137 0.0025071182797316892
0.4000000000000001 2.678391959798995 0.0024435926697606416
0.4000000000000001 2.6884422110552766 0.002381981045110762
0.4000000000000001 2.698492462311558 0.0023222161604321877
0.4000000000000001 2.708542713567839 0.002264233453499717
0.4000000000000001 2.7185929648241207 0.00220797092577607
0.4000000000000001 2.728643216080402 0.002153369028823705
0.4000000000000001 2.7386934673366836 0.0021003705562537608
0.4000000000000001 2.748743718592965 0.0020489205409185353
0.4000000000000001 2.758793969849246 0.001998966157070669
0.4000000000000001 2.7688442211055277 0.0019504566272279785
0.4000000000000001 2.778894472361809 0.0019033431334976472
0.4000000000000001 2.7889447236180906 0.001857578733127382
0.4000000000000001 2.798994974874372 0.0018131182780641978
0.4000000000000001 2.809045226130653 0.0017699183383137755
0.4000000000000001 2.819095477386935 0.0017279371289048535
0.4000000000000001 2.829145728643216 0.001687134440273993
0.4000000000000001 2.8391959798994977 0.0016474715718962204
0.4000000000000001 2.849246231155779 0.0016089112689966997
0.4000000000000001 2.85929648241206 0.0015714176621875972
0.4000000000000001 2.869346733668342 0.0015349562098828005
0.4000000000000001 2.879396984924623 0.0014994936433511915
0.4000000000000001 2.8894472361809047 0.001464997914276681
0.4000000000000001 2.899497487437186 0.001431438144700363
0.4000000000000001 2.909547738693467 0.0013987845792267839
0.4000000000000001 2.919597989949749 0.0013670085393826976
0.4000000000000001 2.92964824120603 0.0013360823800225565
0.4000000000000001 2.9396984924623117 0.0013059794476806788
0.4000000000000001 2.949748743718593 0.0012766740407752259
0.4000000000000001 2.959798994974874 0.0012481413715742132
0.4000000000000001 2.969849246231156 0.0012203575298384026
0.4000000000000001 2.979899497487437 0.0011932994480604335
0.4000000000000001 2.9899497487437188 0.0011669448682236861
0.4000000000000001 3.0 0.0011412723100084029
0.4000000000000001 3.0100502512562817 0.0011162610403762452
0.4000000000000001 3.020100502512563 0.0010918910444680944
0.4000000000000001 3.030150753768844 0.0010681429977531583
0.4000000000000001 3.040201005025126 0.0010449982393706688
0.4000000000000001 3.050251256281407 0.0010224387466083904
0.4000000000000001 3.0603015075376887 0.0010004471104650043
0.4000000000000001 3.07035175879397 9.790065122461E-4
0.4000000000000001 3.080402010050251 9.581007011460252E-4
0.4000000000000001 3.090452261306533 9.377139727702213E-4
0.4000000000000001 3.100502512562814 9.178311485549523E-4
0.4000000000000001 3.1105527638190957 8.984375560434611E-4
0.4000000000000001 3.120603015075377 8.795190099796063E-4
0.4000000000000001 3.130653266331658 8.610617941819577E-4
0.4000000000000001 3.14070351758794 8.4305264416315E-4
0.4000000000000001 3.150753768844221 8.254787304609967E-4
0.4000000000000001 3.1608040201005028 8.083276426495062E-4
0.4000000000000001 3.170854271356784 7.915873739994957E-4
0.4000000000000001 3.180904522613065 7.752463067599399E-4
0.4000000000000001 3.190954773869347 7.592931980325968E-4
0.4000000000000001 3.201005025125628 7.437171662137746E-4
0.4000000000000001 3.21105527638191 7.285076779783172E-4
0.4000000000000001 3.221105527638191 7.136545357821224E-4
0.4000000000000001 3.2311557788944723 6.991478658605856E-4
0.4000000000000001 3.241206030150754 6.849781067014485E-4
0.4000000000000001 3.251256281407035 6.711359979715475E-4
0.4000000000000001 3.261306532663317 6.57612569877906E-4
0.4000000000000001 3.271356783919598 6.443991329445342E-4
0.4000000000000001 3.2814070351758793 6.314872681871692E-4
0.4000000000000001 3.291457286432161 6.188688176690059E-4
0.4000000000000001 3.301507537688442 6.065358754212524E-4
0.4000000000000001 3.311557788944724 5.944807787130953E-4
0.4000000000000001 3.321608040201005 5.82696099656355E-4
0.4000000000000001 3.3316582914572863 5.711746371307883E-4
0.4000000000000001 3.341708542713568 5.599094090166416E-4
0.4000000000000001 3.351758793969849 5.488936447216535E-4
0.4000000000000001 3.361809045226131 5.381207779902861E-4
0.4000000000000001 3.371859296482412 5.275844399835297E-4
0.4000000000000001 3.3819095477386933 5.172784526181192E-4
0.4000000000000001 3.391959798994975 5.071968221545291E-4
0.4000000000000001 3.4020100502512562 4.97333733023572E-4
0.4000000000000001 3.412060301507538 4.8768354188187036E-4
0.4000000000000001 3.422110552763819 4.782407718869215E-4
0.4000000000000001 3.4321608040201004 4.690001071828679E-4
0.4000000000000001 3.442211055276382 4.5995638758847924E-4
0.4000000000000001 3.4522613065326633 4.511046034792305E-4
0.4000000000000001 3.462311557788945 4.4243989085570077E-4
0.4000000000000001 3.472361809045226 4.339575265908733E-4
0.4000000000000001 3.4824120603015074 4.2565292384921896E-4
0.4000000000000001 3.492462311557789 4.175216276707682E-4
0.4000000000000001 3.5025125628140703 4.0955931071366E-4
0.4000000000000001 3.512562814070352 4.0176176914893545E-4
0.4000000000000001 3.522613065326633 3.941249187016156E-4
0.4000000000000001 3.5326633165829144 3.866447908323478E-4
0.4000000000000001 3.542713567839196 3.7931752905415666E-4
0.4000000000000001 3.5527638190954773 3.721393853790588E-4
0.4000000000000001 3.562814070351759 3.651067168895223E-4
0.4000000000000001 3.5728643216080402 3.5821598242997E-4
0.4000000000000001 3.5829145728643215 3.5146373941371693E-4
0.4000000000000001 3.592964824120603 3.448466407409243E-4
0.4000000000000001 3.6030150753768844 3.383614318233495E-4
0.4000000000000001 3.613065326633166 3.3200494771182596E-4
0.4000000000000001 3.6231155778894473 3.2577411032259224E-4
0.4000000000000001 3.6331658291457285 3.196659257587365E-4
0.4000000000000001 3.64321608040201 3.1367748172318624E-4
0.4000000000000001 3.6532663316582914 3.0780594501980804E-4
0.4000000000000001 3.663316582914573 3.020485591393316E-4
0.4000000000000001 3.6733668341708543 2.964026419269404E-4
0.4000000000000001 3.6834170854271355 2.908655833284972E-4
0.4000000000000001 3.693467336683417 2.854348432125029E-4
0.4000000000000001 3.7035175879396984 2.8010794926499396E-4
0.4000000000000001 3.71356783919598 2.7488249495470147E-4
0.4000000000000001 3.7236180904522613 2.6975613756590144E-4
0.4000000000000001 3.7336683417085426 2.6472659629648594E-4
0.4000000000000001 3.7437185929648242 2.5979165041888313E-4
0.4000000000000001 3.7537688442211055 2.549491375015504E-4
0.4000000000000001 3.763819095477387 2.501969516888508E-4
0.4000000000000001 3.7738693467336684 2.455330420372118E-4
0.4000000000000001 3.7839195979899496 2.4095541090554586E-4
0.4000000000000001 3.7939698492462313 2.3646211239799255E-4
0.4000000000000001 3.8040201005025125 2.320512508571158E-4
0.4000000000000001 3.814070351758794 2.2772097940576447E-4
0.4000000000000001 3.8241206030150754 2.2346949853587045E-4
0.4000000000000001 3.8341708542713566 2.1929505474252737E-4
0.4000000000000001 3.8442211055276383 2.151959392017576E-4
0.4000000000000001 3.8542713567839195 2.1117048649043268E-4
0.4000000000000001 3.864321608040201 2.072170733468721E-4
0.4000000000000001 3.8743718592964824 2.0333411747070553E-4
0.4000000000000001 3.884422110552764 1.9952007636063034E-4
0.4000000000000001 3.8944723618090453 1.957734461887522E-4
0.4000000000000001 3.9045226130653266 1.920927607102479E-4
0.4000000000000001 3.9145728643216082 1.8847659020712954E-4
0.4000000000000001 3.9246231155778895 1.8492354046494456E-4
0.4000000000000001 3.934673366834171 1.8143225178127994E-4
0.4000000000000001 3.9447236180904524 1.7800139800499073E-4
0.4000000000000001 3.9547738693467336 1.7462968560510268E-4
0.4000000000000001 3.9648241206030153 1.7131585276838792E-4
0.4000000000000001 3.9748743718592965 1.6805866852464199E-4
0.4000000000000001 3.984924623115578 1.648569318987283E-4
0.4000000000000001 3.9949748743718594 1.617094710884944E-4
0.4000000000000001 4.005025125628141 1.586151426676889E-4
0.4000000000000001 4.015075376884422 1.5557283081304903E-4
0.4000000000000001 4.025125628140704 1.5258144655475047E-4
0.4000000000000001 4.035175879396985 1.496399270494479E-4
0.4000000000000001 4.045226130653266 1.4674723487515448E-4
0.4000000000000001 4.055276381909548 1.4390235734724533E-4
0.4000000000000001 4.065326633165829 1.411043058548854E-4
0.4000000000000001 4.075376884422111 1.3835211521721465E-4
0.4000000000000001 4.085427135678392 1.3564484305864547E-4
0.4000000000000001 4.0954773869346734 1.3298156920264626E-4
0.4000000000000001 4.105527638190955 1.303613950834141E-4
0.4000000000000001 4.115577889447236 1.2778344317485502E-4
0.4000000000000001 4.125628140703518 1.2524685643631217E-4
0.4000000000000001 4.135678391959799 1.227507977745049E-4
0.4000000000000001 4.1457286432160805 1.2029444952115525E-4
0.4000000000000001 4.155778894472362 1.1787701292580246E-4
0.4000000000000001 4.165829145728643 1.1549770766331755E-4
0.4000000000000001 4.175879396984925 1.1315577135565349E-4
0.4000000000000001 4.185929648241206 1.1085045910737576E-4
0.4000000000000001 4.1959798994974875 1.0858104305453961E-4
0.4000000000000001 4.206030150753769 1.0634681192649168E-4
0.4000000000000001 4.21608040201005 1.0414707062018974E-4
0.4000000000000001 4.226130653266332 1.0198113978664749E-4
0.4000000000000001 4.236180904522613 9.984835542912551E-5
0.4000000000000001 4.2462311557788945 9.774806851270134E-5
0.4000000000000001 4.256281407035176 9.567964458486537E-5
0.4000000000000001 4.266331658291457 9.364246340680023E-5
0.4000000000000001 4.276381909547739 9.163591859501291E-5
0.4000000000000001 4.28643216080402 8.965941727300137E-5
0.4000000000000001 4.296482412060302 8.771237973264517E-5
0.4000000000000001 4.306532663316583 8.5794239105024E-5
0.4000000000000001 4.316582914572864 8.390444104037478E-5
0.4000000000000001 4.326633165829146 8.204244339690754E-5
0.4000000000000001 4.336683417085427 8.020771593821334E-5
0.4000000000000001 4.346733668341709 7.83997400390007E-5
0.4000000000000001 4.35678391959799 7.661800839891082E-5
0.4000000000000001 4.366834170854271 7.486202476416694E-5
0.4000000000000001 4.376884422110553 7.313130365682237E-5
0.4000000000000001 4.386934673366834 7.142537011137956E-5
0.4000000000000001 4.396984924623116 6.974375941855896E-5
0.4000000000000001 4.407035175879397 6.808601687600569E-5
0.4000000000000001 4.417085427135678 6.645169754572639E-5
0.4000000000000001 4.42713567839196 6.484036601805711E-5
0.4000000000000001 4.437185929648241 6.325159618196952E-5
0.4000000000000001 4.447236180904523 6.1684971001527E-5
0.4000000000000001 4.457286432160804 6.0140082298311487E-5
0.4000000000000001 4.467336683417085 5.8616530539644344E-5
0.4000000000000001 4.477386934673367 5.711392463243237E-5
0.4000000000000001 4.4874371859296485 5.563188172247493E-5
0.4000000000000001 4.49748743718593 5.4170026999072586E-5
0.4000000000000001 4.507537688442211 5.2727993504783764E-5
0.4000000000000001 4.517587939698492 5.130542195018065E-5
0.4000000000000001 4.527638190954774 4.990196053345915E-5
0.4000000000000001 4.5376884422110555 4.85172647647639E-5
0.4000000000000001 4.547738693467337 4.715099729509234E-5
0.4000000000000001 4.557788944723618 4.580282774964712E-5
0.4000000000000001 4.567839195979899 4.4472432565509186E-5
0.4000000000000001 4.577889447236181 4.315949483350907E-5
0.4000000000000001 4.5879396984924625 4.186370414417652E-5
0.4000000000000001 4.597989949748744 4.058475643765297E-5
0.4000000000000001 4.608040201005025 3.932235385745498E-5
0.4000000000000001 4.618090452261306 3.807620460797995E-5
0.4000000000000001 4.628140703517588 3.684602281564871E-5
0.4000000000000001 4.63819095477387 3.5631528393583125E-5
0.4000000000000001 4.648241206030151 3.443244690971967E-5
0.4000000000000001 4.658291457286432 3.3248509458263225E-5
0.4000000000000001 4.668341708542713 3.207945253438777E-5
0.4000000000000001 4.678391959798995 3.092501791209435E-5
0.4000000000000001 4.688442211055277 2.9784952525138254E-5
0.4000000000000001 4.698492462311558 2.8659008350941145E-5
0.4000000000000001 4.708542713567839 2.754694229740551E-5
0.4000000000000001 4.71859296482412 2.644851609255179E-5
0.4000000000000001 4.728643216080402 2.5363496176900908E-5
0.4000000000000001 4.738693467336684 2.429165359852701E-5
0.4000000000000001 4.748743718592965 2.3232763910707366E-5
0.4000000000000001 4.758793969849246 2.2186607072099293E-5
0.4000000000000001 4.768844221105527 2.1152967349374933E-5
0.4000000000000001 4.778894472361809 2.0131633222247746E-5
0.4000000000000001 4.788944723618091 1.912239729082592E-5
0.4000000000000001 4.798994974874372 1.812505618523009E-5
0.4000000000000001 4.809045226130653 1.7139410477414482E-5
0.4000000000000001 4.819095477386934 1.616526459513247E-5
0.4000000000000001 4.8291457286432165 1.5202426737989156E-5
0.4000000000000001 4.839195979899498 1.4250708795525263E-5
0.4000000000000001 4.849246231155779 1.330992626727847E-5
0.4000000000000001 4.85929648241206 1.237989818476943E-5
0.4000000000000001 4.869346733668341 1.1460447035361796E-5
0.4000000000000001 4.8793969849246235 1.0551398687946536E-5
0.4000000000000001 4.889447236180905 9.652582320402564E-6
0.4000000000000001 4.899497487437186 8.763830348787035E-6
0.4000000000000001 4.909547738693467 7.88497835820985E-6
0.4000000000000001 4.919597989949748 7.015865035348381E-6
0.4000000000000001 4.9296482412060305 6.156332102559621E-6
0.4000000000000001 4.939698492462312 5.30622425354818E-6
0.4000000000000001 4.949748743718593 4.465389090549641E-6
0.4000000000000001 4.959798994974874 3.633677062990132E-6
0.4000000000000001 4.969849246231155 2.8109414075839115E-6
0.4000000000000001 4.9798994974874375 1.9970380898318657E-6
0.4000000000000001 4.989949748743719 1.1918257468849432E-6
0.4000000000000001 5.0 3.951656317374433E-7
0.4000000000000001 5.010050251256281 -3.930784412838377E-7