t F Q
1.0 -0.005025125628140704 0.0
1.0 0.005025125628140704 0.0
1.0 0.01507537688442211 0.0
1.0 0.02512562814070352 0.0
1.0 0.035175879396984924 0.0
1.0 0.04522613065326633 0.0
1.0 0.05527638190954774 0.0
1.0 0.06532663316582915 0.0
1.0 0.07537688442211056 0.0
1.0 0.08542713567839195 0.0
1.0 0.09547738693467336 0.0
1.0 0.10552763819095477 0.0
1.0 0.11557788944723618 0.0
1.0 0.12562814070351758 0.0
1.0 0.135678391959799 0.0
1.0 0.1457286432160804 0.0
1.0 0.15577889447236182 0.0
1.0 0.1658291457286432 0.0
1.0 0.17587939698492464 0.0
1.0 0.18592964824120603 0.0
1.0 0.19597989949748745 0.0
1.0 0.20603015075376885 0.0
1.0 0.21608040201005024 0.0
1.0 0.22613065326633167 0.0
1.0 0.23618090452261306 0.0
1.0 0.24623115577889448 0.0
1.0 0.2562814070351759 0.0
1.0 0.2663316582914573 0.0
1.0 0.2763819095477387 0.0
1.0 0.2864321608040201 0.0
1.0 0.2964824120603015 0.0
1.0 0.3065326633165829 0.0
1.0 0.3165829145728643 0.0
1.0 0.32663316582914576 0.0
1.0 0.33668341708542715 0.0
1.0 0.34673366834170855 0.0
1.0 0.35678391959798994 0.0
1.0 0.36683417085427134 0.0
1.0 0.3768844221105528 0.0
1.0 0.3869346733668342 0.0
1.0 0.3969849246231156 0.0
1.0 0.40703517587939697 0.0
1.0 0.4170854271356784 0.0
1.0 0.4271356783919598 0.0
1.0 0.4371859296482412 0.0
1.0 0.4472361809045226 0.0
1.0 0.457286432160804 0.0
1.0 0.46733668341708545 0.0
1.0 0.47738693467336685 0.0
1.0 0.48743718592964824 0.0
1.0 0.49748743718592964 0.0
1.0 0.507537688442211 0.0
1.0 0.5175879396984925 0.0
1.0 0.5276381909547738 0.0
1.0 0.5376884422110553 0.0
1.0 0.5477386934673367 0.0
1.0 0.5577889447236181 0.0
1.0 0.5678391959798995 0.0
1.0 0.577889447236181 0.0
1.0 0.5879396984924623 0.0
1.0 0.5979899497487438 0.0
1.0 0.6080402010050251 0.0
1.0 0.6180904522613065 0.0
1.0 0.628140703517588 0.0
1.0 0.6381909547738693 0.0
1.0 0.6482412060301508 0.0
1.0 0.6582914572864321 0.0
1.0 0.6683417085427136 0.0
1.0 0.678391959798995 0.0
1.0 0.6884422110552764 0.0
1.0 0.6984924623115578 0.0
1.0 0.7085427135678392 0.0
1.0 0.7185929648241206 0.0
1.0 0.7286432160804021 0.0
1.0 0.7386934673366834 0.0
1.0 0.7487437185929648 0.0
1.0 0.7587939698492463 0.0
1.0 0.7688442211055276 0.0
1.0 0.7788944723618091 0.0
1.0 0.7889447236180904 0.0
1.0 0.7989949748743719 0.0
1.0 0.8090452261306533 0.0
1.0 0.8190954773869347 0.0
1.0 0.8291457286432161 0.0
1.0 0.8391959798994975 0.0
1.0 0.8492462311557789 0.0
1.0 0.8592964824120604 0.0
1.0 0.8693467336683417 0.0
1.0 0.8793969849246231 0.0
1.0 0.8894472361809045 0.0
1.0 0.8994974874371859 0.0
1.0 0.9095477386934674 0.0
1.0 0.9195979899497487 0.0
1.0 0.9296482412060302 0.0
1.0 0.9396984924623115 0.0
1.0 0.949748743718593 0.0
1.0 0.9597989949748744 0.0
1.0 0.9698492462311558 0.0
1.0 0.9798994974874372 0.0
1.0 0.9899497487437187 0.0
1.0 1.0 99.5
1.0 1.0100502512562815 0.0
1.0 1.020100502512563 0.0
1.0 1.0301507537688441 0.0
1.0 1.0402010050251256 0.0
1.0 1.050251256281407 0.0
1.0 1.0603015075376885 0.0
1.0 1.07035175879397 0.0
1.0 1.0804020100502514 0.0
1.0 1.0904522613065326 0.0
1.0 1.100502512562814 0.0
1.0 1.1105527638190955 0.0
1.0 1.120603015075377 0.0
1.0 1.1306532663316584 0.0
1.0 1.1407035175879396 0.0
1.0 1.150753768844221 0.0
1.0 1.1608040201005025 0.0
1.0 1.170854271356784 0.0
1.0 1.1809045226130654 0.0
1.0 1.1909547738693467 0.0
1.0 1.2010050251256281 0.0
1.0 1.2110552763819096 0.0
1.0 1.221105527638191 0.0
1.0 1.2311557788944725 0.0
1.0 1.2412060301507537 0.0
1.0 1.2512562814070352 0.0
1.0 1.2613065326633166 0.0
1.0 1.271356783919598 0.0
1.0 1.2814070351758795 0.0
1.0 1.2914572864321607 0.0
1.0 1.3015075376884422 0.0
1.0 1.3115577889447236 0.0
1.0 1.321608040201005 0.0
1.0 1.3316582914572865 0.0
1.0 1.3417085427135678 0.0
1.0 1.3517587939698492 0.0
1.0 1.3618090452261307 0.0
1.0 1.3718592964824121 0.0
1.0 1.3819095477386936 0.0
1.0 1.3919597989949748 0.0
1.0 1.4020100502512562 0.0
1.0 1.4120603015075377 0.0
1.0 1.4221105527638191 0.0
1.0 1.4321608040201006 0.0
1.0 1.4422110552763818 0.0
1.0 1.4522613065326633 0.0
1.0 1.4623115577889447 0.0
1.0 1.4723618090452262 0.0
1.0 1.4824120603015076 0.0
1.0 1.4924623115577889 0.0
1.0 1.5025125628140703 0.0
1.0 1.5125628140703518 0.0
1.0 1.5226130653266332 0.0
1.0 1.5326633165829147 0.0
1.0 1.542713567839196 0.0
1.0 1.5527638190954773 0.0
1.0 1.5628140703517588 0.0
1.0 1.5728643216080402 0.0
1.0 1.5829145728643217 0.0
1.0 1.5929648241206031 0.0
1.0 1.6030150753768844 0.0
1.0 1.6130653266331658 0.0
1.0 1.6231155778894473 0.0
1.0 1.6331658291457287 0.0
1.0 1.6432160804020102 0.0
1.0 1.6532663316582914 0.0
1.0 1.6633165829145728 0.0
1.0 1.6733668341708543 0.0
1.0 1.6834170854271358 0.0
1.0 1.6934673366834172 0.0
1.0 1.7035175879396984 0.0
1.0 1.7135678391959799 0.0
1.0 1.7236180904522613 0.0
1.0 1.7336683417085428 0.0
1.0 1.7437185929648242 0.0
1.0 1.7537688442211055 0.0
1.0 1.763819095477387 0.0
1.0 1.7738693467336684 0.0
1.0 1.7839195979899498 0.0
1.0 1.7939698492462313 0.0
1.0 1.8040201005025125 0.0
1.0 1.814070351758794 0.0
1.0 1.8241206030150754 0.0
1.0 1.8341708542713568 0.0
1.0 1.8442211055276383 0.0
1.0 1.8542713567839195 0.0
1.0 1.864321608040201 0.0
1.0 1.8743718592964824 0.0
1.0 1.8844221105527639 0.0
1.0 1.8944723618090453 0.0
1.0 1.9045226130653266 0.0
1.0 1.914572864321608 0.0
1.0 1.9246231155778895 0.0
1.0 1.934673366834171 0.0
1.0 1.9447236180904524 0.0
1.0 1.9547738693467338 0.0
1.0 1.964824120603015 0.0
1.0 1.9748743718592965 0.0
1.0 1.984924623115578 0.0
1.0 1.9949748743718594 0.0
1.0 2.0050251256281406 0.0
1.0 2.0150753768844223 0.0
1.0 2.0251256281407035 0.0
1.0 2.0351758793969847 0.0
1.0 2.0452261306532664 0.0
1.0 2.0552763819095476 0.0
1.0 2.0653266331658293 0.0
1.0 2.0753768844221105 0.0
1.0 2.0854271356783918 0.0
1.0 2.0954773869346734 0.0
1.0 2.1055276381909547 0.0
1.0 2.1155778894472363 0.0
1.0 2.1256281407035176 0.0
1.0 2.135678391959799 0.0
1.0 2.1457286432160805 0.0
1.0 2.1557788944723617 0.0
1.0 2.1658291457286434 0.0
1.0 2.1758793969849246 0.0
1.0 2.1859296482412063 0.0
1.0 2.1959798994974875 0.0
1.0 2.2060301507537687 0.0
1.0 2.2160804020100504 0.0
1.0 2.2261306532663316 0.0
1.0 2.2361809045226133 0.0
1.0 2.2462311557788945 0.0
1.0 2.2562814070351758 0.0
1.0 2.2663316582914574 0.0
1.0 2.2763819095477387 0.0
1.0 2.2864321608040203 0.0
1.0 2.2964824120603016 0.0
1.0 2.306532663316583 0.0
1.0 2.3165829145728645 0.0
1.0 2.3266331658291457 0.0
1.0 2.3366834170854274 0.0
1.0 2.3467336683417086 0.0
1.0 2.35678391959799 0.0
1.0 2.3668341708542715 0.0
1.0 2.3768844221105527 0.0
1.0 2.3869346733668344 0.0
1.0 2.3969849246231156 0.0
1.0 2.407035175879397 0.0
1.0 2.4170854271356785 0.0
1.0 2.4271356783919598 0.0
1.0 2.4371859296482414 0.0
1.0 2.4472361809045227 0.0
1.0 2.457286432160804 0.0
1.0 2.4673366834170856 0.0
1.0 2.477386934673367 0.0
1.0 2.4874371859296485 0.0
1.0 2.4974874371859297 0.0
1.0 2.507537688442211 0.0
1.0 2.5175879396984926 0.0
1.0 2.527638190954774 0.0
1.0 2.5376884422110555 0.0
1.0 2.5477386934673367 0.0
1.0 2.557788944723618 0.0
1.0 2.5678391959798996 0.0
1.0 2.577889447236181 0.0
1.0 2.5879396984924625 0.0
1.0 2.5979899497487438 0.0
1.0 2.608040201005025 0.0
1.0 2.6180904522613067 0.0
1.0 2.628140703517588 0.0
1.0 2.6381909547738696 0.0
1.0 2.648241206030151 0.0
1.0 2.658291457286432 0.0
1.0 2.6683417085427137 0.0
1.0 2.678391959798995 0.0
1.0 2.6884422110552766 0.0
1.0 2.698492462311558 0.0
1.0 2.708542713567839 0.0
1.0 2.7185929648241207 0.0
1.0 2.728643216080402 0.0
1.0 2.7386934673366836 0.0
1.0 2.748743718592965 0.0
1.0 2.758793969849246 0.0
1.0 2.7688442211055277 0.0
1.0 2.778894472361809 0.0
1.0 2.7889447236180906 0.0
1.0 2.798994974874372 0.0
1.0 2.809045226130653 0.0
1.0 2.819095477386935 0.0
1.0 2.829145728643216 0.0
1.0 2.8391959798994977 0.0
1.0 2.849246231155779 0.0
1.0 2.85929648241206 0.0
1.0 2.869346733668342 0.0
1.0 2.879396984924623 0.0
1.0 2.8894472361809047 0.0
1.0 2.899497487437186 0.0
1.0 2.909547738693467 0.0
1.0 2.919597989949749 0.0
1.0 2.92964824120603 0.0
1.0 2.9396984924623117 0.0
1.0 2.949748743718593 0.0
1.0 2.959798994974874 0.0
1.0 2.969849246231156 0.0
1.0 2.979899497487437 0.0
1.0 2.9899497487437188 0.0
1.0 3.0 0.0
1.0 3.0100502512562817 0.0
1.0 3.020100502512563 0.0
1.0 3.030150753768844 0.0
1.0 3.040201005025126 0.0
1.0 3.050251256281407 0.0
1.0 3.0603015075376887 0.0
1.0 3.07035175879397 0.0
1.0 3.080402010050251 0.0
1.0 3.090452261306533 0.0
1.0 3.100502512562814 0.0
1.0 3.1105527638190957 0.0
1.0 3.120603015075377 0.0
1.0 3.130653266331658 0.0
1.0 3.14070351758794 0.0
1.0 3.150753768844221 0.0
1.0 3.1608040201005028 0.0
1.0 3.170854271356784 0.0
1.0 3.180904522613065 0.0
1.0 3.190954773869347 0.0
1.0 3.201005025125628 0.0
1.0 3.21105527638191 0.0
1.0 3.221105527638191 0.0
1.0 3.2311557788944723 0.0
1.0 3.241206030150754 0.0
1.0 3.251256281407035 0.0
1.0 3.261306532663317 0.0
1.0 3.271356783919598 0.0
1.0 3.2814070351758793 0.0
1.0 3.291457286432161 0.0
1.0 3.301507537688442 0.0
1.0 3.311557788944724 0.0
1.0 3.321608040201005 0.0
1.0 3.3316582914572863 0.0
1.0 3.341708542713568 0.0
1.0 3.351758793969849 0.0
1.0 3.361809045226131 0.0
1.0 3.371859296482412 0.0
1.0 3.3819095477386933 0.0
1.0 3.391959798994975 0.0
1.0 3.4020100502512562 0.0
1.0 3.412060301507538 0.0
1.0 3.422110552763819 0.0
1.0 3.4321608040201004 0.0
1.0 3.442211055276382 0.0
1.0 3.4522613065326633 0.0
1.0 3.462311557788945 0.0
1.0 3.472361809045226 0.0
1.0 3.4824120603015074 0.0
1.0 3.492462311557789 0.0
1.0 3.5025125628140703 0.0
1.0 3.512562814070352 0.0
1.0 3.522613065326633 0.0
1.0 3.5326633165829144 0.0
1.0 3.542713567839196 0.0
1.0 3.5527638190954773 0.0
1.0 3.562814070351759 0.0
1.0 3.5728643216080402 0.0
1.0 3.5829145728643215 0.0
1.0 3.592964824120603 0.0
1.0 3.6030150753768844 0.0
1.0 3.613065326633166 0.0
1.0 3.6231155778894473 0.0
1.0 3.6331658291457285 0.0
1.0 3.64321608040201 0.0
1.0 3.6532663316582914 0.0
1.0 3.663316582914573 0.0
1.0 3.6733668341708543 0.0
1.0 3.6834170854271355 0.0
1.0 3.693467336683417 0.0
1.0 3.7035175879396984 0.0
1.0 3.71356783919598 0.0
1.0 3.7236180904522613 0.0
1.0 3.7336683417085426 0.0
1.0 3.7437185929648242 0.0
1.0 3.7537688442211055 0.0
1.0 3.763819095477387 0.0
1.0 3.7738693467336684 0.0
1.0 3.7839195979899496 0.0
1.0 3.7939698492462313 0.0
1.0 3.8040201005025125 0.0
1.0 3.814070351758794 0.0
1.0 3.8241206030150754 0.0
1.0 3.8341708542713566 0.0
1.0 3.8442211055276383 0.0
1.0 3.8542713567839195 0.0
1.0 3.864321608040201 0.0
1.0 3.8743718592964824 0.0
1.0 3.884422110552764 0.0
1.0 3.8944723618090453 0.0
1.0 3.9045226130653266 0.0
1.0 3.9145728643216082 0.0
1.0 3.9246231155778895 0.0
1.0 3.934673366834171 0.0
1.0 3.9447236180904524 0.0
1.0 3.9547738693467336 0.0
1.0 3.9648241206030153 0.0
1.0 3.9748743718592965 0.0
1.0 3.984924623115578 0.0
1.0 3.9949748743718594 0.0
1.0 4.005025125628141 0.0
1.0 4.015075376884422 0.0
1.0 4.025125628140704 0.0
1.0 4.035175879396985 0.0
1.0 4.045226130653266 0.0
1.0 4.055276381909548 0.0
1.0 4.065326633165829 0.0
1.0 4.075376884422111 0.0
1.0 4.085427135678392 0.0
1.0 4.0954773869346734 0.0
1.0 4.105527638190955 0.0
1.0 4.115577889447236 0.0
1.0 4.125628140703518 0.0
1.0 4.135678391959799 0.0
1.0 4.1457286432160805 0.0
1.0 4.155778894472362 0.0
1.0 4.165829145728643 0.0
1.0 4.175879396984925 0.0
1.0 4.185929648241206 0.0
1.0 4.1959798994974875 0.0
1.0 4.206030150753769 0.0
1.0 4.21608040201005 0.0
1.0 4.226130653266332 0.0
1.0 4.236180904522613 0.0
1.0 4.2462311557788945 0.0
1.0 4.256281407035176 0.0
1.0 4.266331658291457 0.0
1.0 4.276381909547739 0.0
1.0 4.28643216080402 0.0
1.0 4.296482412060302 0.0
1.0 4.306532663316583 0.0
1.0 4.316582914572864 0.0
1.0 4.326633165829146 0.0
1.0 4.336683417085427 0.0
1.0 4.346733668341709 0.0
1.0 4.35678391959799 0.0
1.0 4.366834170854271 0.0
1.0 4.376884422110553 0.0
1.0 4.386934673366834 0.0
1.0 4.396984924623116 0.0
1.0 4.407035175879397 0.0
1.0 4.417085427135678 0.0
1.0 4.42713567839196 0.0
1.0 4.437185929648241 0.0
1.0 4.447236180904523 0.0
1.0 4.457286432160804 0.0
1.0 4.467336683417085 0.0
1.0 4.477386934673367 0.0
1.0 4.4874371859296485 0.0
1.0 4.49748743718593 0.0
1.0 4.507537688442211 0.0
1.0 4.517587939698492 0.0
1.0 4.527638190954774 0.0
1.0 4.5376884422110555 0.0
1.0 4.547738693467337 0.0
1.0 4.557788944723618 0.0
1.0 4.567839195979899 0.0
1.0 4.577889447236181 0.0
1.0 4.5879396984924625 0.0
1.0 4.597989949748744 0.0
1.0 4.608040201005025 0.0
1.0 4.618090452261306 0.0
1.0 4.628140703517588 0.0
1.0 4.63819095477387 0.0
1.0 4.648241206030151 0.0
1.0 4.658291457286432 0.0
1.0 4.668341708542713 0.0
1.0 4.678391959798995 0.0
1.0 4.688442211055277 0.0
1.0 4.698492462311558 0.0
1.0 4.708542713567839 0.0
1.0 4.71859296482412 0.0
1.0 4.728643216080402 0.0
1.0 4.738693467336684 0.0
1.0 4.748743718592965 0.0
1.0 4.758793969849246 0.0
1.0 4.768844221105527 0.0
1.0 4.778894472361809 0.0
1.0 4.788944723618091 0.0
1.0 4.798994974874372 0.0
1.0 4.809045226130653 0.0
1.0 4.819095477386934 0.0
1.0 4.8291457286432165 0.0
1.0 4.839195979899498 0.0
1.0 4.849246231155779 0.0
1.0 4.85929648241206 0.0
1.0 4.869346733668341 0.0
1.0 4.8793969849246235 0.0
1.0 4.889447236180905 0.0
1.0 4.899497487437186 0.0
1.0 4.909547738693467 0.0
1.0 4.919597989949748 0.0
1.0 4.9296482412060305 0.0
1.0 4.939698492462312 0.0
1.0 4.949748743718593 0.0
1.0 4.959798994974874 0.0
1.0 4.969849246231155 0.0
1.0 4.9798994974874375 0.0
1.0 4.989949748743719 0.0
1.0 5.0 0.0
1.0 5.010050251256281 0.0

0.8 -0.005025125628140704 -1.692075962468424E-4
0.8 0.005025125628140704 1.692075962468424E-4
0.8 0.01507537688442211 3.0756190857202293E-4
0.8 0.02512562814070352 4.1482668972700975E-4
0.8 0.035175879396984924 5.121126560494484E-4
0.8 0.04522613065326633 6.056322478500474E-4
0.8 0.05527638190954774 6.983700213706695E-4
0.8 0.06532663316582915 7.92141335662784E-4
0.8 0.07537688442211056 8.882356890435883E-4
0.8 0.08542713567839195 9.876790321896535E-4
0.8 0.09547738693467336 0.0010913602549046742
0.8 0.10552763819095477 0.001200100191970351
0.8 0.11557788944723618 0.0013146933203391075
0.8 0.12562814070351758 0.0014359354005119482
0.8 0.135678391959799 0.001564643495002304
0.8 0.1457286432160804 0.0017016717499845654
0.8 0.15577889447236182 0.0018479248525193474
0.8 0.1658291457286432 0.002004370317328769
0.8 0.17587939698492464 0.0021720503478951836
0.8 0.18592964824120603 0.0023520937885851616
0.8 0.19597989949748745 0.002545728555566285
0.8 0.20603015075376885 0.0027542948624410305
0.8 0.21608040201005024 0.0029792595193070407
0.8 0.22613065326633167 0.0032222315689834904
0.8 0.23618090452261306 0.003484979524455663
0.8 0.24623115577889448 0.003769450483259996
0.8 0.2562814070351759 0.004077791415413325
0.8 0.2663316582914573 0.004412372950526583
0.8 0.2763819095477387 0.004775816026587882
0.8 0.2864321608040201 0.005171021807698644
0.8 0.2964824120603015 0.005601205331322426
0.8 0.3065326633165829 0.006069933408196241
0.8 0.3165829145728643 0.006581167371084901
0.8 0.32663316582914576 0.007139311353444463
0.8 0.33668341708542715 0.007749266877517438
0.8 0.34673366834170855 0.008416494645458546
0.8 0.35678391959798994 0.009147084559206304
0.8 0.36683417085427134 0.009947835147818374
0.8 0.3768844221105528 0.010826343758211676
0.8 0.3869346733668342 0.011791109070592581
0.8 0.3969849246231156 0.012851647737883543
0.8 0.40703517587939697 0.014018627224468661
0.8 0.4170854271356784 0.015304017239795978
0.8 0.4271356783919598 0.01672126253402027
0.8 0.4371859296482412 0.0182854802543742
0.8 0.4472361809045226 0.020013685562128364
0.8 0.457286432160804 0.02192504979225674
0.8 0.46733668341708545 0.02404119611452878
0.8 0.47738693467336685 0.026386538441103655
0.8 0.48743718592964824 0.02898867023965925
0.8 0.49748743718592964 0.03187881097330991
0.8 0.507537688442211 0.035092319122920775
0.8 0.5175879396984925 0.038669282181411746
0.8 0.5276381909547738 0.042655195674872665
0.8 0.5376884422110553 0.04710174519797926
0.8 0.5477386934673367 0.05206770769262786
0.8 0.5577889447236181 0.05761999079582174
0.8 0.5678391959798995 0.06383483208867381
0.8 0.577889447236181 0.07079918355248441
0.8 0.5879396984924623 0.07861231054655546
0.8 0.5979899497487438 0.0873876392389718
0.8 0.6080402010050251 0.09725489172600443
0.8 0.6180904522613065 0.10836255415417655
0.8 0.628140703517588 0.12088073010246247
0.8 0.6381909547738693 0.13500443938466192
0.8 0.6482412060301508 0.15095743138787995
0.8 0.6582914572864321 0.16899659216222082
0.8 0.6683417085427136 0.18941703579910432
0.8 0.678391959798995 0.2125579832427155
0.8 0.6884422110552764 0.23880954560403747
0.8 0.6984924623115578 0.26862054428052656
0.8 0.7085427135678392 0.3025075166585786
0.8 0.7185929648241206 0.34106507374247924
0.8 0.7286432160804021 0.3849777944600131
0.8 0.7386934673366834 0.435033860255584
0.8 0.7487437185929648 0.49214065234530613
0.8 0.7587939698492463 0.5573425519237309
0.8 0.7688442211055276 0.6318411996917694
0.8 0.7788944723618091 0.7170184840646918
0.8 0.7889447236180904 0.8144625357677867
0.8 0.7989949748743719 0.9259970083761785
0.8 0.8090452261306533 1.0537139175417876
0.8 0.8190954773869347 1.2000102937414339
0.8 0.8291457286432161 1.3676288717434473
0.8 0.8391959798994975 1.5597029919131233
0.8 0.8492462311557789 1.7798058213408645
0.8 0.8592964824120604 2.0320039142912836
0.8 0.8693467336683417 2.320915019973249
0.8 0.8793969849246231 2.6517699104312933
0.8 0.8894472361809045 3.0304778431257593
0.8 0.8994974874371859 3.463695093909089
0.8 0.9095477386934674 3.958895801098755
0.8 0.9195979899497487 4.524444156977899
0.8 0.9296482412060302 5.169666778472537
0.8 0.9396984924623115 5.904923895300953
0.8 0.949748743718593 6.741677824641407
0.8 0.9597989949748744 7.692557070359431
0.8 0.9698492462311558 8.77141430601946
0.8 0.9798994974874372 9.993376486831435
0.8 0.9899497487437187 11.374885396114522
0.8 1.0 -86.39230019812624
0.8 1.0100502512562815 11.387503561700488
0.8 1.020100502512563 10.014709595889126
0.8 1.0301507537688441 8.798201087479573
0.8 1.0402010050251256 7.722150861705638
0.8 1.050251256281407 6.771999494077401
0.8 1.0603015075376885 5.934402162067609
0.8 1.07035175879397 5.1971718719837385
0.8 1.0804020100502514 4.54921957034276
0.8 1.0904522613065326 3.980491768855809
0.8 1.100502512562814 3.481906398285475
0.8 1.1105527638190955 3.0452876563732176
0.8 1.120603015075377 2.663300628781428
0.8 1.1306532663316584 2.3293864419869226
0.8 1.1407035175879396 2.037698657699172
0.8 1.150753768844221 1.7830415454454394
0.8 1.1608040201005025 1.5608107800092106
0.8 1.170854271356784 1.3669370101141718
0.8 1.1809045226130654 1.197832640418024
0.8 1.1909547738693467 1.0503420660396086
0.8 1.2010050251256281 0.9216955019728731
0.8 1.2110552763819096 0.8094664621699329
0.8 1.221105527638191 0.7115328669812466
0.8 1.2311557788944725 0.6260416941481755
0.8 1.2412060301507537 0.5513770378814074
0.8 1.2512562814070352 0.4861314022511869
0.8 1.2613065326633166 0.429080028174236
0.8 1.271356783919598 0.3791580363920095
0.8 1.2814070351758795 0.3354401605096783
0.8 1.2914572864321607 0.29712284287673935
0.8 1.3015075376884422 0.2635084703631379
0.8 1.3115577889447236 0.23399153556237406
0.8 1.321608040201005 0.20804652043608826
0.8 1.3316582914572865 0.1852173128801095
0.8 1.3417085427135678 0.1651079812954854
0.8 1.3517587939698492 0.14737474731520583
0.8 1.3618090452261307 0.13171901184808105
0.8 1.3718592964824121 0.11788130417022118
0.8 1.3819095477386936 0.10563603765054698
0.8 1.3919597989949748 0.09478696866192532
0.8 1.4020100502512562 0.08516326720069788
0.8 1.4120603015075377 0.07661611866900833
0.8 1.4221105527638191 0.06901578616409627
0.8 1.4321608040201006 0.0622490714953989
0.8 1.4422110552763818 0.05621712106395549
0.8 1.4522613065326633 0.05083352975290405
0.8 1.4623115577889447 0.04602270216400204
0.8 1.4723618090452262 0.04171843596742536
0.8 1.4824120603015076 0.03786269688477105
0.8 1.4924623115577889 0.034404558969951135
0.8 1.5025125628140703 0.0312992874573529
0.8 1.5125628140703518 0.028507544574249213
0.8 1.5226130653266332 0.025994701422673443
0.8 1.5326633165829147 0.0237302413770835
0.8 1.542713567839196 0.02168724246501975
0.8 1.5527638190954773 0.019841927940359945
0.8 1.5628140703517588 0.018173275759629362
0.8 1.5728643216080402 0.016662678963637566
0.8 1.5829145728643217 0.015293650077945933
0.8 1.5929648241206031 0.014051563601163292
0.8 1.6030150753768844 0.01292343147140806
0.8 1.6130653266331658 0.011897707107193319
0.8 1.6231155778894473 0.010964114225680529
0.8 1.6331658291457287 0.010113497162688589
0.8 1.6432160804020102 0.00933768986708915
0.8 1.6532663316582914 0.008629401127631766
0.8 1.6633165829145728 0.007982113921738972
0.8 1.6733668341708543 0.007389997061042434
0.8 1.6834170854271358 0.006847827553965006
0.8 1.6934673366834172 0.006350922317121378
0.8 1.7035175879396984 0.005895078049538537
0.8 1.7135678391959799 0.005476518240824114
0.8 1.7236180904522613 0.005091846419979716
0.8 1.7336683417085428 0.004738004868604166
0.8 1.7437185929648242 0.004412238123360005
0.8 1.7537688442211055 0.004112060680015011
0.8 1.763819095477387 0.0038352283870294254
0.8 1.7738693467336684 0.0035797130821773222
0.8 1.7839195979899498 0.003343680082471612
0.8 1.7939698492462313 0.0031254681869122896
0.8 1.8040201005025125 0.0029235718943304892
0.8 1.814070351758794 0.002736625575745888
0.8 1.8241206030150754 0.0025633893729548485
0.8 1.8341708542713568 0.002402736623177694
0.8 1.8442211055276383 0.002253642634080544
0.8 1.8542713567839195 0.0021151746548359928
0.8 1.864321608040201 0.001986482907516046
0.8 1.8743718592964824 0.001866792559381497
0.8 1.8844221105527639 0.0017553965308549821
0.8 1.8944723618090453 0.0016516490464096607
0.8 1.9045226130653266 0.0015549598465033746
0.8 1.914572864321608 0.001464788988240412
0.8 1.9246231155778895 0.0013806421708230762
0.8 1.934673366834171 0.001302066529213434
0.8 1.9447236180904524 0.0012286468458925445
0.8 1.9547738693467338 0.001160002136292734
0.8 1.964824120603015 0.0010957825684865825
0.8 1.9748743718592965 0.0010356666821292064
0.8 1.984924623115578 9.79358875542405E-4
0.8 1.9949748743718594 9.265871332646557E-4
0.8 2.0050251256281406 8.771009694261394E-4
0.8 2.0150753768844223 8.306695649916331E-4
0.8 2.0251256281407035 7.870800792892312E-4
0.8 2.0351758793969847 7.461361183464678E-4
0.8 2.0452261306532664 7.076563444202588E-4
0.8 2.0552763819095476 6.714732127616095E-4
0.8 2.0653266331658293 6.374318231250988E-4
0.8 2.0753768844221105 6.053888748387759E-4
0.8 2.0854271356783918 5.752117154112193E-4
0.8 2.0954773869346734 5.467774736861255E-4
0.8 2.1055276381909547 5.199722694755251E-4
0.8 2.1155778894472363 4.946904924235861E-4
0.8 2.1256281407035176 4.7083414358540995E-4
0.8 2.135678391959799 4.4831223385920834E-4
0.8 2.1457286432160805 4.2704023399468057E-4
0.8 2.1557788944723617 4.0693957142308706E-4
0.8 2.1658291457286434 3.87937169622266E-4
0.8 2.1758793969849246 3.6996502614883054E-4
0.8 2.1859296482412063 3.5295982584528963E-4
0.8 2.1959798994974875 3.368625860666957E-4
0.8 2.2060301507537687 3.216183310737693E-4
0.8 2.2160804020100504 3.0717579301107025E-4
0.8 2.2261306532663316 2.9348713713293325E-4
0.8 2.2361809045226133 2.8050770915951544E-4
0.8 2.2462311557788945 2.6819580284302523E-4
0.8 2.2562814070351758 2.565124460022886E-4
0.8 2.2663316582914574 2.4542120344437155E-4
0.8 2.2763819095477387 2.348879953367832E-4
0.8 2.2864321608040203 2.2488092972451802E-4
0.8 2.2964824120603016 2.153701480042652E-4
0.8 2.306532663316583 2.063276822748374E-4
0.8 2.3165829145728645 1.9772732357939372E-4
0.8 2.3266331658291457 1.8954450014239127E-4
0.8 2.3366834170854274 1.817561647833001E-4
0.8 2.3467336683417086 1.7434069076081613E-4
0.8 2.35678391959799 1.672777753662906E-4
0.8 2.3668341708542715 1.6054835064408527E-4
0.8 2.3768844221105527 1.5413450067009056E-4
0.8 2.3869346733668344 1.4801938486828578E-4
0.8 2.3969849246231156 1.4218716688942779E-4
0.8 2.407035175879397 1.366229486161564E-4
0.8 2.4170854271356785 1.3131270889539846E-4
0.8 2.4271356783919598 1.262432466322639E-4
0.8 2.4371859296482414 1.2140212790997845E-4
0.8 2.4472361809045227 1.167776368280716E-4
0.8 2.457286432160804 1.1235872977626903E-4
0.8 2.4673366834170856 1.081349928845751E-4
0.8 2.477386934673367 1.0409660241105786E-4
0.8 2.4874371859296485 1.0023428784806254E-4
0.8 2.4974874371859297 9.65392975451451E-5
0.8 2.507537688442211 9.300336666307611E-5
0.8 2.5175879396984926 8.961868728796814E-5
0.8 2.527638190954774 8.63778805480335E-5
0.8 2.5376884422110555 8.327397058780902E-5
0.8 2.5477386934673367 8.030036026598207E-5
0.8 2.557788944723618 7.745080845330974E-5
0.8 2.5678391959798996 7.471940881663137E-5
0.8 2.577889447236181 7.210056998369409E-5
0.8 2.5879396984924625 6.958899699152497E-5
0.8 2.5979899497487438 6.717967392844352E-5
0.8 2.608040201005025 6.486784768657279E-5
0.8 2.6180904522613067 6.264901274793207E-5
0.8 2.628140703517588 6.051889693291701E-5
0.8 2.6381909547738696 5.847344804524411E-5
0.8 2.648241206030151 5.650882135229051E-5
0.8 2.658291457286432 5.462136784423046E-5
0.8 2.6683417085427137 5.280762321949345E-5
0.8 2.678391959798995 5.1064297547868984E-5
0.8 2.6884422110552766 4.9388265566091004E-5
0.8 2.698492462311558 4.7776557563972224E-5
0.8 2.708542713567839 4.622635082214717E-5
0.8 2.7185929648241207 4.473496156524515E-5
0.8 2.728643216080402 4.329983739686591E-5
0.8 2.7386934673366836 4.1918550185091084E-5
0.8 2.748743718592965 4.0588789369447145E-5
0.8 2.758793969849246 3.9308355662255225E-5
0.8 2.7688442211055277 3.807515511917374E-5
0.8 2.778894472361809 3.688719355547109E-5
0.8 2.7889447236180906 3.5742571286170196E-5
0.8 2.798994974874372 3.463947816969421E-5
0.8 2.809045226130653 3.357618893602164E-5
0.8 2.819095477386935 3.255105878163767E-5
0.8 2.829145728643216 3.156251921475686E-5
0.8 2.8391959798994977 3.06090741353925E-5
0.8 2.849246231155779 2.9689296135872832E-5
0.8 2.85929648241206 2.8801823008354386E-5
0.8 2.869346733668342 2.7945354446765864E-5
0.8 2.879396984924623 2.7118648931438306E-5
0.8 2.8894472361809047 2.632052078544047E-5
0.8 2.899497487437186 2.5549837392349763E-5
0.8 2.909547738693467 2.4805516565850232E-5
0.8 2.919597989949749 2.4086524062165377E-5
0.8 2.92964824120603 2.3391871226906797E-5
0.8 2.9396984924623117 2.2720612768455175E-5
0.8 2.949748743718593 2.2071844650486793E-5
0.8 2.959798994974874 2.1444702096724986E-5
0.8 2.969849246231156 2.083835770142754E-5
0.8 2.979899497487437 2.0252019639526728E-5
0.8 2.9899497487437188 1.9684929970714463E-5
0.8 3.0 1.9136363032118775E-5
0.8 3.0100502512562817 1.8605623914544997E-5
0.8 3.020100502512563 1.809204701756413E-5
0.8 3.030150753768844 1.759499467901648E-5
0.8 3.040201005025126 1.7113855874768173E-5
0.8 3.050251256281407 1.664804498480858E-5
0.8 3.0603015075376887 1.6197000622011615E-5
0.8 3.07035175879397 1.5760184520103856E-5
0.8 3.080402010050251 1.533708047758775E-5
0.8 3.090452261306533 1.4927193354560788E-5
0.8 3.100502512562814 1.4530048119552007E-5
0.8 3.1105527638190957 1.414518894366607E-5
0.8 3.120603015075377 1.3772178339483256E-5
0.8 3.130653266331658 1.3410596342312464E-5
0.8 3.14070351758794 1.3060039731533261E-5
0.8 3.150753768844221 1.2720121289893578E-5
0.8 3.1608040201005028 1.2390469098752034E-5
0.8 3.170854271356784 1.2070725867369095E-5
0.8 3.180904522613065 1.1760548294458661E-5
0.8 3.190954773869347 1.1459606460313439E-5
0.8 3.201005025125628 1.1167583247912481E-5
0.8 3.21105527638191 1.0884173791508316E-5
0.8 3.221105527638191 1.0609084951275794E-5
0.8 3.2311557788944723 1.0342034812683117E-5
0.8 3.241206030150754 1.0082752209320117E-5
0.8 3.251256281407035 9.830976267988631E-6
0.8 3.261306532663317 9.586455974925521E-6
0.8 3.271356783919598 9.348949762090674E-6
0.8 3.2814070351758793 9.118225112510651E-6
0.8 3.291457286432161 8.894058183723364E-6
0.8 3.301507537688442 8.676233448420745E-6
0.8 3.311557788944724 8.46454335143517E-6
0.8 3.321608040201005 8.258787982260963E-6
0.8 3.3316582914572863 8.058774762345658E-6
0.8 3.341708542713568 7.864318146426412E-6
0.8 3.351758793969849 7.675239337225233E-6
0.8 3.361809045226131 7.49136601285291E-6
0.8 3.371859296482412 7.312532066305878E-6
0.8 3.3819095477386933 7.138577356472114E-6
0.8 3.391959798994975 6.9693474700929745E-6
0.8 3.4020100502512562 6.804693494156359E-6
0.8 3.412060301507538 6.644471798223707E-6
0.8 3.422110552763819 6.488543826219125E-6
0.8 3.4321608040201004 6.336775897232929E-6
0.8 3.442211055276382 6.189039014914924E-6
0.8 3.4522613065326633 6.04520868505427E-6
0.8 3.462311557788945 5.905164740963167E-6
0.8 3.472361809045226 5.768791176301134E-6
0.8 3.4824120603015074 5.635975984994602E-6
0.8 3.492462311557789 5.5066110079241576E-6
0.8 3.5025125628140703 5.380591786067937E-6
0.8 3.512562814070352 5.257817419805125E-6
0.8 3.522613065326633 5.138190434098426E-6
0.8 3.5326633165829144 5.021616649287864E-6
0.8 3.542713567839196 4.908005057241813E-6
0.8 3.5527638190954773 4.797267702623309E-6
0.8 3.562814070351759 4.689319569041597E-6
0.8 3.5728643216080402 4.584078469870128E-6
0.8 3.5829145728643215 4.481464943522679E-6
0.8 3.592964824120603 4.381402152989347E-6
0.8 3.6030150753768844 4.283815789443801E-6
0.8 3.613065326633166 4.188633979742033E-6
0.8 3.6231155778894473 4.095787197641566E-6
0.8 3.6331658291457285 4.005208178578125E-6
0.8 3.64321608040201 3.916831837844534E-6
0.8 3.6532663316582914 3.830595192023886E-6
0.8 3.663316582914573 3.7464372835360144E-6
0.8 3.6733668341708543 3.6642991081629136E-6
0.8 3.6834170854271355 3.58412354542494E-6
0.8 3.693467336683417 3.5058552916857108E-6
0.8 3.7035175879396984 3.42944079586916E-6
0.8 3.71356783919598 3.3548281976776197E-6
0.8 3.7236180904522613 3.2819672682049726E-6
0.8 3.7336683417085426 3.2108093528436794E-6
0.8 3.7437185929648242 3.141307316389137E-6
0.8 3.7537688442211055 3.073415490249285E-6
0.8 3.763819095477387 3.007089621671431E-6
0.8 3.7738693467336684 2.9422868249023457E-6
0.8 3.7839195979899496 2.878965534201395E-6
0.8 3.7939698492462313 2.817085458630115E-6
0.8 3.8040201005025125 2.7566075385450386E-6
0.8 3.814070351758794 2.697493903723843E-6
0.8 3.8241206030150754 2.6397078330579945E-6
0.8 3.8341708542713566 2.583213715748037E-6
0.8 3.8442211055276383 2.5279770139404634E-6
0.8 3.8542713567839195 2.4739642267478204E-6
0.8 3.864321608040201 2.42114285559619E-6
0.8 3.8743718592964824 2.369481370846743E-6
0.8 3.884422110552764 2.318949179640241E-6
0.8 3.8944723618090453 2.269516594915677E-6
0.8 3.9045226130653266 2.2211548055563425E-6
0.8 3.9145728643216082 2.1738358476185424E-6
0.8 3.9246231155778895 2.1275325766002257E-6
0.8 3.934673366834171 2.0822186407084906E-6
0.8 3.9447236180904524 2.0378684550868095E-6
0.8 3.9547738693467336 1.994457176964351E-6
0.8 3.9648241206030153 1.9519606816914746E-6
0.8 3.9748743718592965 1.9103555396269295E-6
0.8 3.984924623115578 1.8696189938437425E-6
0.8 3.9949748743718594 1.8297289386222162E-6
0.8 4.005025125628141 1.7906638986996858E-6
0.8 4.015075376884422 1.75240300924805E-6
0.8 4.025125628140704 1.7149259965512068E-6
0.8 4.035175879396985 1.6782131593557473E-6
0.8 4.045226130653266 1.6422453508692857E-6
0.8 4.055276381909548 1.6070039613819586E-6
0.8 4.065326633165829 1.572470901487512E-6
0.8 4.075376884422111 1.5386285858814481E-6
0.8 4.085427135678392 1.5054599177145932E-6
0.8 4.0954773869346734 1.4729482734812877E-6
0.8 4.105527638190955 1.4410774884223164E-6
0.8 4.115577889447236 1.4098318424234342E-6
0.8 4.125628140703518 1.3791960463911305E-6
0.8 4.135678391959799 1.34915522908804E-6
0.8 4.1457286432160805 1.3196949244110552E-6
0.8 4.155778894472362 1.2908010590959334E-6
0.8 4.165829145728643 1.2624599408327746E-6
0.8 4.175879396984925 1.234658246777418E-6
0.8 4.185929648241206 1.2073830124443491E-6
0.8 4.1959798994974875 1.1806216209673119E-6
0.8 4.206030150753769 1.1543617927143387E-6
0.8 4.21608040201005 1.1285915752444439E-6
0.8 4.226130653266332 1.1032993335937132E-6
0.8 4.236180904522613 1.078473740879009E-6
0.8 4.2462311557788945 1.054103769207951E-6
0.8 4.256281407035176 1.0301786808842955E-6
0.8 4.266331658291457 1.0066880198982296E-6
0.8 4.276381909547739 9.836216036915119E-7
0.8 4.28643216080402 9.609695151877743E-7
0.8 4.296482412060302 9.387220950786685E-7
0.8 4.306532663316583 9.168699343568987E-7
0.8 4.316582914572864 8.954038670875184E-7
0.8 4.326633165829146 8.743149634091843E-7
0.8 4.336683417085427 8.535945227574061E-7
0.8 4.346733668341709 8.332340673020866E-7
0.8 4.35678391959799 8.132253355919698E-7
0.8 4.366834170854271 7.935602763988794E-7
0.8 4.376884422110553 7.742310427548822E-7
0.8 4.386934673366834 7.552299861757957E-7
0.8 4.396984924623116 7.365496510646626E-7
0.8 4.407035175879397 7.181827692890944E-7
0.8 4.417085427135678 7.001222549265766E-7
0.8 4.42713567839196 6.823611991720567E-7
0.8 4.437185929648241 6.648928654023557E-7
0.8 4.447236180904523 6.477106843921177E-7
0.8 4.457286432160804 6.308082496762307E-7
0.8 4.467336683417085 6.14179313053819E-7
0.8 4.477386934673367 5.978177802290893E-7
0.8 4.4874371859296485 5.817177065844871E-7
0.8 4.49748743718593 5.658732930817752E-7
0.8 4.507537688442211 5.502788822868106E-7
0.8 4.517587939698492 5.349289545139475E-7
0.8 4.527638190954774 5.198181240861314E-7
0.8 4.5376884422110555 5.049411357068978E-7
0.8 4.547738693467337 4.902928609406196E-7
0.8 4.557788944723618 4.7586829479747976E-7
0.8 4.567839195979899 4.6166255241976085E-7
0.8 4.577889447236181 4.4767086586617706E-7
0.8 4.5879396984924625 4.338885809910796E-7
0.8 4.597989949748744 4.2031115441547484E-7
0.8 4.608040201005025 4.069341505869143E-7
0.8 4.618090452261306 3.937532389254028E-7
0.8 4.628140703517588 3.8076419105258067E-7
0.8 4.63819095477387 3.67962878101526E-7
0.8 4.648241206030151 3.5534526810461376E-7
0.8 4.658291457286432 3.429074234569644E-7
0.8 4.668341708542713 3.306454984530863E-7
0.8 4.678391959798995 3.185557368944117E-7
0.8 4.688442211055277 3.0663446976549517E-7
0.8 4.698492462311558 2.9487811297672347E-7
0.8 4.708542713567839 2.8328316517145834E-7
0.8 4.71859296482412 2.718462055956032E-7
0.8 4.728643216080402 2.6056389202765397E-7
0.8 4.738693467336684 2.494329587673588E-7
0.8 4.748743718592965 2.384502146811725E-7
0.8 4.758793969849246 2.2761254130275704E-7
0.8 4.768844221105527 2.169168909868337E-7
0.8 4.778894472361809 2.0636028511474965E-7
0.8 4.788944723618091 1.9593981235017861E-7
0.8 4.798994974874372 1.8565262694342402E-7
0.8 4.809045226130653 1.7549594708284614E-7
0.8 4.819095477386934 1.654670532919847E-7
0.8 4.8291457286432165 1.555632868709898E-7
0.8 4.839195979899498 1.4578204838102694E-7
0.8 4.849246231155779 1.3612079617036012E-7
0.8 4.85929648241206 1.265770449408611E-7
0.8 4.869346733668341 1.1714836435373477E-7
0.8 4.8793969849246235 1.078323776732874E-7
0.8 4.889447236180905 9.862676044760489E-8
0.8 4.899497487437186 8.952923922504359E-8
0.8 4.909547738693467 8.053759030547105E-8
0.8 4.919597989949748 7.164963852523022E-8
0.8 4.9296482412060305 6.286325607483081E-8
0.8 4.939698492462312 5.4176361348406384E-8
0.8 4.949748743718593 4.5586917824003074E-8
0.8 4.959798994974874 3.709293297379888E-8
0.8 4.969849246231155 2.8692457203378652E-8
0.8 4.9798994974874375 2.0383582819218428E-8
0.8 4.989949748743719 1.216444302356014E-8
0.8 5.0 4.03321093588193E-9
0.8 5.010050251256281 -4.01190135980392E-9

0.6000000000000001 -0.005025125628140704 -0.0011487390869982662
0.6000000000000001 0.005025125628140704 0.0011487390869982662
0.6000000000000001 0.01507537688442211 0.0020860341024690325
0.6000000000000001 0.02512562814070352 0.0028089972761539002
0.6000000000000001 0.035175879396984924 0.00346030908483863
0.6000000000000001 0.04522613065326633 0.004081555460291198
0.6000000000000001 0.05527638190954774 0.004692364561076146
0.6000000000000001 0.06532663316582915 0.0053043631116700025
0.6000000000000001 0.07537688442211056 0.005925531340966666
0.6000000000000001 0.08542713567839195 0.006561972169091489
0.6000000000000001 0.09547738693467336 0.007218757783772811
0.6000000000000001 0.10552763819095477 0.007900384899948688
0.6000000000000001 0.11557788944723618 0.008611043181440587
0.6000000000000001 0.12562814070351758 0.00935478650014653
0.6000000000000001 0.135678391959799 0.010135650413454196
0.6000000000000001 0.1457286432160804 0.010957738537215149
0.6000000000000001 0.15577889447236182 0.011825290454114934
0.6000000000000001 0.1658291457286432 0.012742738605547298
0.6000000000000001 0.17587939698492464 0.013714758784848362
0.6000000000000001 0.18592964824120603 0.01474631723955225
0.6000000000000001 0.19597989949748745 0.015842716442659128
0.6000000000000001 0.20603015075376885 0.01700964102096046
0.6000000000000001 0.21608040201005024 0.018253204978017332
0.6000000000000001 0.22613065326633167 0.01958000113425977
0.6000000000000001 0.23618090452261306 0.020997153577076814
0.6000000000000001 0.24623115577889448 0.022512373840075307
0.6000000000000001 0.2562814070351759 0.024134021494812353
0.6000000000000001 0.2663316582914573 0.025871169828942255
0.6000000000000001 0.2763819095477387 0.02773367729463337
0.6000000000000001 0.2864321608040201 0.02973226543556067
0.6000000000000001 0.2964824120603015 0.03187860403656092
0.6000000000000001 0.3065326633165829 0.03418540428487446
0.6000000000000001 0.3165829145728643 0.03666652078405488
0.6000000000000001 0.32663316582914576 0.039337063319642505
0.6000000000000001 0.33668341708542715 0.04221351933815889
0.6000000000000001 0.34673366834170855 0.04531388816637545
0.6000000000000001 0.35678391959798994 0.0486578280643512
0.6000000000000001 0.36683417085427134 0.052266817271205024
0.6000000000000001 0.3768844221105528 0.05616433026415261
0.6000000000000001 0.3869346733668342 0.060376030505343285
0.6000000000000001 0.3969849246231156 0.0649299809927448
0.6000000000000001 0.40703517587939697 0.0698568739546348
0.6000000000000001 0.4170854271356784 0.0751902810243043
0.6000000000000001 0.4271356783919598 0.080966925192274
0.6000000000000001 0.4371859296482412 0.08722697574480595
0.6000000000000001 0.4472361809045226 0.09401436724339551
0.6000000000000001 0.457286432160804 0.10137714335953878
0.6000000000000001 0.46733668341708545 0.10936782602623954
0.6000000000000001 0.47738693467336685 0.11804380986956625
0.6000000000000001 0.48743718592964824 0.12746778119886915
0.6000000000000001 0.49748743718592964 0.13770815991148339
0.6000000000000001 0.507537688442211 0.14883956144264998
0.6000000000000001 0.5175879396984925 0.1609432742841476
0.6000000000000001 0.5276381909547738 0.17410774650683097
0.6000000000000001 0.5376884422110553 0.18842907203063666
0.6000000000000001 0.5477386934673367 0.20401146394004405
0.6000000000000001 0.5577889447236181 0.22096769775843772
0.6000000000000001 0.5678391959798995 0.23941950204479728
0.6000000000000001 0.577889447236181 0.2594978666843159
0.6000000000000001 0.5879396984924623 0.2813432304750374
0.6000000000000001 0.5979899497487438 0.3051054986589066
0.6000000000000001 0.6080402010050251 0.3309438274179681
0.6000000000000001 0.6180904522613065 0.3590260954677268
0.6000000000000001 0.628140703517588 0.38952796203016493
0.6000000000000001 0.6381909547738693 0.4226313848300049
0.6000000000000001 0.6482412060301508 0.45852244035555545
0.6000000000000001 0.6582914572864321 0.4973882503248265
0.6000000000000001 0.6683417085427136 0.5394127717888494
0.6000000000000001 0.678391959798995 0.5847711520937074
0.6000000000000001 0.6884422110552764 0.6336222823313948
0.6000000000000001 0.6984924623115578 0.6860991020813453
0.6000000000000001 0.7085427135678392 0.742296112172391
0.6000000000000001 0.7185929648241206 0.8022534387688082
0.6000000000000001 0.7286432160804021 0.8659366591688614
0.6000000000000001 0.7386934673366834 0.933211445256992
0.6000000000000001 0.7487437185929648 1.003811902787297
0.6000000000000001 0.7587939698492463 1.077301282296817
0.6000000000000001 0.7688442211055276 1.1530235099325987
0.6000000000000001 0.7788944723618091 1.2300437344585287
0.6000000000000001 0.7889447236180904 1.3070758124219404
0.6000000000000001 0.7989949748743719 1.382394361270933
0.6000000000000001 0.8090452261306533 1.4537287072021439
0.6000000000000001 0.8190954773869347 1.518135751094619
0.6000000000000001 0.8291457286432161 1.5718484863747428
0.6000000000000001 0.8391959798994975 1.6100966457922108
0.6000000000000001 0.8492462311557789 1.6268957532925867
0.6000000000000001 0.8592964824120604 1.6148007405271785
0.6000000000000001 0.8693467336683417 1.5646202872703783
0.6000000000000001 0.8793969849246231 1.465088196365434
0.6000000000000001 0.8894472361809045 1.3024884531939906
0.6000000000000001 0.8994974874371859 1.060231181929768
0.6000000000000001 0.9095477386934674 0.7183775258127351
0.6000000000000001 0.9195979899497487 0.2531125669354588
0.6000000000000001 0.9296482412060302 -0.36383323073622764
0.6000000000000001 0.9396984924623115 -1.1658119349458063
0.6000000000000001 0.949748743718593 -2.191931424693832
0.6000000000000001 0.9597989949748744 -3.487767999779182
0.6000000000000001 0.9698492462311558 -5.106110148852091
0.6000000000000001 0.9798994974874372 -7.107723186774875
0.6000000000000001 0.9899497487437187 -9.56212249807298
0.6000000000000001 1.0 86.60401729869884
0.6000000000000001 1.0100502512562815 -9.56985281677764
0.6000000000000001 1.020100502512563 -7.116693897773889
0.6000000000000001 1.0301507537688441 -5.112070769328811
0.6000000000000001 1.0402010050251256 -3.488276574782154
0.6000000000000001 1.050251256281407 -2.185942991870611
0.6000000000000001 1.0603015075376885 -1.1533052083128632
0.6000000000000001 1.07035175879397 -0.34548677296543656
0.6000000000000001 1.0804020100502514 0.2761896068371155
0.6000000000000001 1.0904522613065326 0.7448598293635089
0.6000000000000001 1.100502512562814 1.0887400220600152
0.6000000000000001 1.1105527638190955 1.3317082669175273
0.6000000000000001 1.120603015075377 1.493843704261666
0.6000000000000001 1.1306532663316584 1.591921352870786
0.6000000000000001 1.1407035175879396 1.6398620148926586
0.6000000000000001 1.150753768844221 1.6491375855781547
0.6000000000000001 1.1608040201005025 1.629132923818967
0.6000000000000001 1.170854271356784 1.5874661359937725
0.6000000000000001 1.1809045226130654 1.530269671135827
0.6000000000000001 1.1909547738693467 1.46243501929568
0.6000000000000001 1.2010050251256281 1.3878240554015875
0.6000000000000001 1.2110552763819096 1.3094501926076794
0.6000000000000001 1.221105527638191 1.229632520845367
0.6000000000000001 1.2311557788944725 1.1501260287620427
0.6000000000000001 1.2412060301507537 1.0722308612838454
0.6000000000000001 1.2512562814070352 0.9968833703007639
0.6000000000000001 1.2613065326633166 0.9247314899399538
0.6000000000000001 1.271356783919598 0.8561967254240235
0.6000000000000001 1.2814070351758795 0.7915247976367225
0.6000000000000001 1.2914572864321607 0.7308267435065254
0.6000000000000001 1.3015075376884422 0.6741120419034126
0.6000000000000001 1.3115577889447236 0.6213151204562365
0.6000000000000001 1.321608040201005 0.5723164032375814
0.6000000000000001 1.3316582914572865 0.5269588838754938
0.6000000000000001 1.3417085427135678 0.4850610534778921
0.6000000000000001 1.3517587939698492 0.44642687714109547
0.6000000000000001 1.3618090452261307 0.41085339556749273
0.6000000000000001 1.3718592964824121 0.3781364279200842
0.6000000000000001 1.3819095477386936 0.3480747668092218
0.6000000000000001 1.3919597989949748 0.3204731845091586
0.6000000000000001 1.4020100502512562 0.2951445094482668
0.6000000000000001 1.4120603015075377 0.27191098211142367
0.6000000000000001 1.4221105527638191 0.2506050582700996
0.6000000000000001 1.4321608040201006 0.23106979359572757
0.6000000000000001 1.4422110552763818 0.21315891604745213
0.6000000000000001 1.4522613065326633 0.19673666993759342
0.6000000000000001 1.4623115577889447 0.181677497388527
0.6000000000000001 1.4723618090452262 0.1678656082531308
0.6000000000000001 1.4824120603015076 0.1551944778427981
0.6000000000000001 1.4924623115577889 0.14356630245920546
0.6000000000000001 1.5025125628140703 0.13289143531401743
0.6000000000000001 1.5125628140703518 0.12308781957592849
0.6000000000000001 1.5226130653266332 0.11408043070302583
0.6000000000000001 1.5326633165829147 0.10580073665111417
0.6000000000000001 1.542713567839196 0.0981861817918233
0.6000000000000001 1.5527638190954773 0.09117969826248754
0.6000000000000001 1.5628140703517588 0.08472924686891037
0.6000000000000001 1.5728643216080402 0.07878738846408025
0.6000000000000001 1.5829145728643217 0.07331088584376658
0.6000000000000001 1.5929648241206031 0.06826033556414245
0.6000000000000001 1.6030150753768844 0.06359982864161541
0.6000000000000001 1.6130653266331658 0.05929663879680795
0.6000000000000001 1.6231155778894473 0.05532093671819363
0.6000000000000001 1.6331658291457287 0.05164552871873115
0.6000000000000001 1.6432160804020102 0.048245618119372634
0.6000000000000001 1.6532663316582914 0.04509858769967368
0.6000000000000001 1.6633165829145728 0.04218380159483793
0.6000000000000001 1.6733668341708543 0.03948242508028315
0.6000000000000001 1.6834170854271358 0.03697726076150465
0.6000000000000001 1.6934673366834172 0.03465259977278276
0.6000000000000001 1.7035175879396984 0.03249408667874069
0.6000000000000001 1.7135678391959799 0.030488596864668673
0.6000000000000001 1.7236180904522613 0.028624125292537297
0.6000000000000001 1.7336683417085428 0.026889685588059657
0.6000000000000001 1.7437185929648242 0.02527521850889738
0.6000000000000001 1.7537688442211055 0.023771508924404296
0.6000000000000001 1.763819095477387 0.022370110512735113
0.6000000000000001 1.7738693467336684 0.021063277451512596
0.6000000000000001 1.7839195979899498 0.019843902443508418
0.6000000000000001 1.7939698492462313 0.01870546047903463
0.6000000000000001 1.8040201005025125 0.017641957792128158
0.6000000000000001 1.814070351758794 0.016647885518365924
0.6000000000000001 1.8241206030150754 0.015718177608529362
0.6000000000000001 1.8341708542713568 0.014848172594620063
0.6000000000000001 1.8442211055276383 0.014033578843201833
0.6000000000000001 1.8542713567839195 0.013270442965990751
0.6000000000000001 1.864321608040201 0.012555121089312317
0.6000000000000001 1.8743718592964824 0.011884252712763431
0.6000000000000001 1.8844221105527639 0.0112547369134077
0.6000000000000001 1.8944723618090453 0.010663710675338271
0.6000000000000001 1.9045226130653266 0.010108529145683465
0.6000000000000001 1.914572864321608 0.009586747637316354
0.6000000000000001 1.9246231155778895 0.009096105215850891
0.6000000000000001 1.934673366834171 0.008634509724138975
0.6000000000000001 1.9447236180904524 0.008200024111588648
0.6000000000000001 1.9547738693467338 0.007790853948347571
0.6000000000000001 1.964824120603015 0.007405336015874164
0.6000000000000001 1.9748743718592965 0.007041927875771965
0.6000000000000001 1.984924623115578 0.006699198328101447
0.6000000000000001 1.9949748743718594 0.006375818678807607
0.6000000000000001 2.0050251256281406 0.006070554743502148
0.6000000000000001 2.0150753768844223 0.005782259521696175
0.6000000000000001 2.0251256281407035 0.005509866481768636
0.6000000000000001 2.0351758793969847 0.005252383402541943
0.6000000000000001 2.0452261306532664 0.005008886722380241
0.6000000000000001 2.0552763819095476 0.004778516351281417
0.6000000000000001 2.0653266331658293 0.004560470905549009
0.6000000000000001 2.0753768844221105 0.004354003328349597
0.6000000000000001 2.0854271356783918 0.004158416862822936
0.6000000000000001 2.0954773869346734 0.003973061347452594
0.6000000000000001 2.1055276381909547 0.003797329806155225
0.6000000000000001 2.1155778894472363 0.003630655308035536
0.6000000000000001 2.1256281407035176 0.003472508074007649
0.6000000000000001 2.135678391959799 0.003322392809524486
0.6000000000000001 2.1457286432160805 0.0031798462445060296
0.6000000000000001 2.1557788944723617 0.0030444348632337895
0.6000000000000001 2.1658291457286434 0.0029157528084988353
0.6000000000000001 2.1758793969849246 0.002793419945670106
0.6000000000000001 2.1859296482412063 0.002677080073601394
0.6000000000000001 2.1959798994974875 0.0025663992704322417
0.6000000000000001 2.2060301507537687 0.0024610643633705496
0.6000000000000001 2.2160804020100504 0.0023607815124834105
0.6000000000000001 2.2261306532663316 0.0022652748993760006
0.6000000000000001 2.2361809045226133 0.002174285512414819
0.6000000000000001 2.2462311557788945 0.0020875700208581914
0.6000000000000001 2.2562814070351758 0.002004899730900302
0.6000000000000001 2.2663316582914574 0.0019260596172212656
0.6000000000000001 2.2763819095477387 0.001850847424169829
0.6000000000000001 2.2864321608040203 0.0017790728311925198
0.6000000000000001 2.2964824120603016 0.0017105566775673577
0.6000000000000001 2.306532663316583 0.0016451302419058242
0.6000000000000001 2.3165829145728645 0.0015826345722571092
0.6000000000000001 2.3266331658291457 0.0015229198629869883
0.6000000000000001 2.3366834170854274 0.0014658448749128004
0.6000000000000001 2.3467336683417086 0.0014112763954588266
0.6000000000000001 2.35678391959799 0.0013590887358548812
0.6000000000000001 2.3668341708542715 0.001309163262637757
0.6000000000000001 2.3768844221105527 0.0012613879609317982
0.6000000000000001 2.3869346733668344 0.0012156570271835037
0.6000000000000001 2.3969849246231156 0.001171870489206982
0.6000000000000001 2.407035175879397 0.0011299338515639342
0.6000000000000001 2.4170854271356785 0.0010897577644549041
0.6000000000000001 2.4271356783919598 0.0010512577144389768
0.6000000000000001 2.4371859296482414 0.001014353735428042
0.6000000000000001 2.4472361809045227 9.789701385202504E-4
0.6000000000000001 2.457286432160804 9.450352593460722E-4
0.6000000000000001 2.4673366834170856 9.124812217004919E-4
0.6000000000000001 2.477386934673367 8.812437163268962E-4
0.6000000000000001 2.4874371859296485 8.512617938028907E-4
0.6000000000000001 2.4974874371859297 8.224776705562805E-4
0.6000000000000001 2.507537688442211 7.948365471112117E-4
0.6000000000000001 2.5175879396984926 7.682864377306591E-4
0.6000000000000001 2.527638190954774 7.427780106823862E-4
0.6000000000000001 2.5376884422110555 7.182644384117595E-4
0.6000000000000001 2.5477386934673367 6.947012569566524E-4
0.6000000000000001 2.557788944723618 6.720462339875295E-4
0.6000000000000001 2.5678391959798996 6.502592449000409E-4
0.6000000000000001 2.577889447236181 6.293021564282194E-4
0.6000000000000001 2.5879396984924625 6.091387172841373E-4
0.6000000000000001 2.5979899497487438 5.897344553647254E-4
0.6000000000000001 2.608040201005025 5.710565810987018E-4
0.6000000000000001 2.6180904522613067 5.53073896536395E-4
0.6000000000000001 2.628140703517588 5.357567098128436E-4
0.6000000000000001 2.6381909547738696 5.190767546401155E-4
0.6000000000000001 2.648241206030151 5.030071145084732E-4
0.6000000000000001 2.658291457286432 4.875221512979283E-4
0.6000000000000001 2.6683417085427137 4.7259743802208285E-4
0.6000000000000001 2.678391959798995 4.5820969544498757E-4
0.6000000000000001 2.6884422110552766 4.4433673232924774E-4
0.6000000000000001 2.698492462311558 4.309573890898378E-4
0.6000000000000001 2.708542713567839 4.1805148464314144E-4
0.6000000000000001 2.7185929648241207 4.0559976625473737E-4
0.6000000000000001 2.728643216080402 3.9358386220243545E-4
0.6000000000000001 2.7386934673366836 3.819862370831582E-4
0.6000000000000001 2.748743718592965 3.70790149603485E-4
0.6000000000000001 2.758793969849246 3.5997961270411885E-4
0.6000000000000001 2.7688442211055277 3.495393558782576E-4
0.6000000000000001 2.778894472361809 3.39454789552886E-4
0.6000000000000001 2.7889447236180906 3.297119714104257E-4
0.6000000000000001 2.798994974874372 3.202975745360193E-4
0.6000000000000001 2.809045226130653 3.1119885728302923E-4
0.6000000000000001 2.819095477386935 3.024036347561314E-4
0.6000000000000001 2.829145728643216 2.939002518177416E-4
0.6000000000000001 2.8391959798994977 2.856775575294108E-4
0.6000000000000001 2.849246231155779 2.777248809453635E-4
0.6000000000000001 2.85929648241206 2.7003200818049417E-4
0.6000000000000001 2.869346733668342 2.625891606799423E-4
0.6000000000000001 2.879396984924623 2.553869746218668E-4
0.6000000000000001 2.8894472361809047 2.484164813892221E-4
0.6000000000000001 2.899497487437186 2.4166908905026675E-4
0.6000000000000001 2.909547738693467 2.3513656479119002E-4
0.6000000000000001 2.919597989949749 2.2881101824767254E-4
0.6000000000000001 2.92964824120603 2.2268488568539277E-4
0.6000000000000001 2.9396984924623117 2.167509149824957E-4
0.6000000000000001 2.949748743718593 2.1100215136983353E-4
0.6000000000000001 2.959798994974874 2.05431923887424E-4
0.6000000000000001 2.969849246231156 2.0003383251801821E-4
0.6000000000000001 2.979899497487437 1.9480173596098362E-4
0.6000000000000001 2.9899497487437188 1.8972974001185155E-4
0.6000000000000001 3.0 1.8481218651491665E-4
0.6000000000000001 3.0100502512562817 1.8004364285815E-4
0.6000000000000001 3.020100502512563 1.7541889198148614E-4
0.6000000000000001 3.030150753768844 1.7093292287119545E-4
0.6000000000000001 3.040201005025126 1.665809215146255E-4
0.6000000000000001 3.050251256281407 1.623582622910611E-4
0.6000000000000001 3.0603015075376887 1.5826049977582884E-4
0.6000000000000001 3.07035175879397 1.5428336093607092E-4
0.6000000000000001 3.080402010050251 1.5042273769782575E-4
0.6000000000000001 3.090452261306533 1.4667467986519361E-4
0.6000000000000001 3.100502512562814 1.43035388373444E-4
0.6000000000000001 3.1105527638190957 1.395012088589275E-4
0.6000000000000001 3.120603015075377 1.3606862552960423E-4
0.6000000000000001 3.130653266331658 1.3273425532089463E-4
0.6000000000000001 3.14070351758794 1.294948423223992E-4
0.6000000000000001 3.150753768844221 1.2634725246182208E-4
0.6000000000000001 3.1608040201005028 1.232884684331788E-4
0.6000000000000001 3.170854271356784 1.20315584857071E-4
0.6000000000000001 3.180904522613065 1.1742580366146661E-4
0.6000000000000001 3.190954773869347 1.146164296720498E-4
0.6000000000000001 3.201005025125628 1.1188486640179033E-4
0.6000000000000001 3.21105527638191 1.0922861202992967E-4
0.6000000000000001 3.221105527638191 1.0664525556110915E-4
0.6000000000000001 3.2311557788944723 1.0413247315585018E-4
0.6000000000000001 3.241206030150754 1.0168802462406248E-4
0.6000000000000001 3.251256281407035 9.930975007369301E-5
0.6000000000000001 3.261306532663317 9.699556670703961E-5
0.6000000000000001 3.271356783919598 9.474346575764355E-5
0.6000000000000001 3.2814070351758793 9.255150956104144E-5
0.6000000000000001 3.291457286432161 9.041782875300562E-5
0.6000000000000001 3.301507537688442 8.834061958922774E-5
0.6000000000000001 3.311557788944724 8.631814138071223E-5
0.6000000000000001 3.321608040201005 8.434871403943667E-5
0.6000000000000001 3.3316582914572863 8.243071572911429E-5
0.6000000000000001 3.341708542713568 8.056258061615493E-5
0.6000000000000001 3.351758793969849 7.874279671616811E-5
0.6000000000000001 3.361809045226131 7.696990383158422E-5
0.6000000000000001 3.371859296482412 7.524249157619534E-5
0.6000000000000001 3.3819095477386933 7.355919748262035E-5
0.6000000000000001 3.391959798994975 7.191870518890343E-5
0.6000000000000001 3.4020100502512562 7.031974270063873E-5
0.6000000000000001 3.412060301507538 6.876108072519229E-5
0.6000000000000001 3.422110552763819 6.724153107476216E-5
0.6000000000000001 3.4321608040201004 6.575994513517503E-5
0.6000000000000001 3.442211055276382 6.431521239747055E-5
0.6000000000000001 3.4522613065326633 6.290625904946588E-5
0.6000000000000001 3.462311557788945 6.153204662462965E-5
0.6000000000000001 3.472361809045226 6.019157070572404E-5
0.6000000000000001 3.4824120603015074 5.8883859680792914E-5
0.6000000000000001 3.492462311557789 5.7607973549192874E-5
0.6000000000000001 3.5025125628140703 5.636300277547178E-5
0.6000000000000001 3.512562814070352 5.5148067189003115E-5
0.6000000000000001 3.522613065326633 5.396231492738616E-5
0.6000000000000001 3.5326633165829144 5.280492142171151E-5
0.6000000000000001 3.542713567839196 5.1675088421884854E-5
0.6000000000000001 3.5527638190954773 5.0572043060283234E-5
0.6000000000000001 3.562814070351759 4.949503695209968E-5
0.6000000000000001 3.5728643216080402 4.844334533080901E-5
0.6000000000000001 3.5829145728643215 4.7416266217258925E-5
0.6000000000000001 3.592964824120603 4.6413119620959274E-5
0.6000000000000001 3.6030150753768844 4.543324677220992E-5
0.6000000000000001 3.613065326633166 4.447600938376691E-5
0.6000000000000001 3.6231155778894473 4.3540788940808184E-5
0.6000000000000001 3.6331658291457285 4.262698601801529E-5
0.6000000000000001 3.64321608040201 4.173401962264154E-5
0.6000000000000001 3.6532663316582914 4.0861326562487474E-5
0.6000000000000001 3.663316582914573 4.000836083775328E-5
0.6000000000000001 3.6733668341708543 3.917459305578451E-5
0.6000000000000001 3.6834170854271355 3.835950986776998E-5
0.6000000000000001 3.693467336683417 3.756261342649394E-5
0.6000000000000001 3.7035175879396984 3.6783420864283694E-5
0.6000000000000001 3.71356783919598 3.602146379033151E-5
0.6000000000000001 3.7236180904522613 3.527628780660678E-5
0.6000000000000001 3.7336683417085426 3.454745204160763E-5
0.6000000000000001 3.7437185929648242 3.3834528701234636E-5
0.6000000000000001 3.7537688442211055 3.31371026361006E-5
0.6000000000000001 3.763819095477387 3.245477092461963E-5
0.6000000000000001 3.7738693467336684 3.178714247124748E-5
0.6000000000000001 3.7839195979899496 3.113383761927233E-5
0.6000000000000001 3.7939698492462313 3.0494487777580534E-5
0.6000000000000001 3.8040201005025125 2.9868735060847018E-5
0.6000000000000001 3.814070351758794 2.9256231942623035E-5
0.6000000000000001 3.8241206030150754 2.8656640920816644E-5
0.6000000000000001 3.8341708542713566 2.806963419508256E-5
0.6000000000000001 3.8442211055276383 2.7494893355658707E-5
0.6000000000000001 3.8542713567839195 2.69321090832059E-5
0.6000000000000001 3.864321608040201 2.638098085922561E-5
0.6000000000000001 3.8743718592964824 2.584121668664939E-5
0.6000000000000001 3.884422110552764 2.5312532820209273E-5
0.6000000000000001 3.8944723618090453 2.4794653506215556E-5
0.6000000000000001 3.9045226130653266 2.4287310731383664E-5
0.6000000000000001 3.9145728643216082 2.3790243980366154E-5
0.6000000000000001 3.9246231155778895 2.33032000016608E-5
0.6000000000000001 3.934673366834171 2.2825932581578302E-5
0.6000000000000001 3.9447236180904524 2.2358202325967214E-5
0.6000000000000001 3.9547738693467336 2.1899776449404614E-5
0.6000000000000001 3.9648241206030153 2.145042857157426E-5
0.6000000000000001 3.9748743718592965 2.1009938520564326E-5
0.6000000000000001 3.984924623115578 2.0578092142827716E-5
0.6000000000000001 3.9949748743718594 2.0154681119558982E-5
0.6000000000000001 4.005025125628141 1.973950278925057E-5
0.6000000000000001 4.015075376884422 1.9332359976201836E-5
0.6000000000000001 4.025125628140704 1.8933060824762273E-5
0.6000000000000001 4.035175879396985 1.85414186390998E-5
0.6000000000000001 4.045226130653266 1.8157251728292605E-5
0.6000000000000001 4.055276381909548 1.7780383256551806E-5
0.6000000000000001 4.065326633165829 1.7410641098388777E-5
0.6000000000000001 4.075376884422111 1.7047857698549124E-5
0.6000000000000001 4.085427135678392 1.669186993654189E-5
0.6000000000000001 4.0954773869346734 1.6342518995599054E-5
0.6000000000000001 4.105527638190955 1.5999650235907345E-5
0.6000000000000001 4.115577889447236 1.566311307196003E-5
0.6000000000000001 4.125628140703518 1.533276085388229E-5
0.6000000000000001 4.135678391959799 1.5008450752589741E-5
0.6000000000000001 4.1457286432160805 1.4690043648644564E-5
0.6000000000000001 4.155778894472362 1.4377404024679403E-5
0.6000000000000001 4.165829145728643 1.4070399861263674E-5
0.6000000000000001 4.175879396984925 1.3768902536092082E-5
0.6000000000000001 4.185929648241206 1.3472786726379383E-5
0.6000000000000001 4.1959798994974875 1.3181930314350034E-5
0.6000000000000001 4.206030150753769 1.2896214295715499E-5
0.6000000000000001 4.21608040201005 1.261552269103593E-5
0.6000000000000001 4.226130653266332 1.2339742459866938E-5
0.6000000000000001 4.236180904522613 1.2068763417595807E-5
0.6000000000000001 4.2462311557788945 1.1802478154874983E-5
0.6000000000000001 4.256281407035176 1.1540781959564343E-5
0.6000000000000001 4.266331658291457 1.1283572741096727E-5
0.6000000000000001 4.276381909547739 1.1030750957184565E-5
0.6000000000000001 4.28643216080402 1.0782219542788354E-5
0.6000000000000001 4.296482412060302 1.0537883841270722E-5
0.6000000000000001 4.306532663316583 1.0297651537662585E-5
0.6000000000000001 4.316582914572864 1.0061432593970542E-5
0.6000000000000001 4.326633165829146 9.82913918645719E-6
0.6000000000000001 4.336683417085427 9.600685644828766E-6
0.6000000000000001 4.346733668341709 9.3759883932665E-6
0.6000000000000001 4.35678391959799 9.154965893240696E-6
0.6000000000000001 4.366834170854271 8.937538588048639E-6
0.6000000000000001 4.376884422110553 8.723628849019377E-6
0.6000000000000001 4.386934673366834 8.513160923330828E-6
0.6000000000000001 4.396984924623116 8.306060883386116E-6
0.6000000000000001 4.407035175879397 8.102256577698435E-6
0.6000000000000001 4.417085427135678 7.901677583235174E-6
0.6000000000000001 4.42713567839196 7.704255159173876E-6
0.6000000000000001 4.437185929648241 7.509922202024401E-6
0.6000000000000001 4.447236180904523 7.318613202073047E-6
0.6000000000000001 4.457286432160804 7.130264201106129E-6
0.6000000000000001 4.467336683417085 6.944812751371885E-6
0.6000000000000001 4.477386934673367 6.762197875741048E-6
0.6000000000000001 4.4874371859296485 6.582360029027818E-6
0.6000000000000001 4.49748743718593 6.405241060434246E-6
0.6000000000000001 4.507537688442211 6.230784177082342E-6
0.6000000000000001 4.517587939698492 6.058933908599523E-6
0.6000000000000001 4.527638190954774 5.88963607272405E-6
0.6000000000000001 4.5376884422110555 5.722837741898343E-6
0.6000000000000001 4.547738693467337 5.558487210819179E-6
0.6000000000000001 4.557788944723618 5.396533964914792E-6
0.6000000000000001 4.567839195979899 5.236928649719854E-6
0.6000000000000001 4.577889447236181 5.079623041120449E-6
0.6000000000000001 4.5879396984924625 4.924570016441978E-6
0.6000000000000001 4.597989949748744 4.771723526353837E-6
0.6000000000000001 4.608040201005025 4.621038567565704E-6
0.6000000000000001 4.618090452261306 4.472471156290975E-6
0.6000000000000001 4.628140703517588 4.325978302453822E-6
0.6000000000000001 4.63819095477387 4.181517984617044E-6
0.6000000000000001 4.648241206030151 4.039049125608664E-6
0.6000000000000001 4.658291457286432 3.898531568826054E-6
0.6000000000000001 4.668341708542713 3.759926055196872E-6
0.6000000000000001 4.678391959798995 3.6231942007769897E-6
0.6000000000000001 4.688442211055277 3.488298474966088E-6
0.6000000000000001 4.698492462311558 3.355202179322313E-6
0.6000000000000001 4.708542713567839 3.223869426957973E-6
0.6000000000000001 4.71859296482412 3.0942651224988275E-6
0.6000000000000001 4.728643216080402 2.9663549425901168E-6
0.6000000000000001 4.738693467336684 2.8401053169330186E-6
0.6000000000000001 4.748743718592965 2.7154834098357097E-6
0.6000000000000001 4.758793969849246 2.592457102263799E-6
0.6000000000000001 4.768844221105527 2.470994974375308E-6
0.6000000000000001 4.778894472361809 2.3510662885259125E-6
0.6000000000000001 4.788944723618091 2.232640972730571E-6
0.6000000000000001 4.798994974874372 2.115689604568139E-6
0.6000000000000001 4.809045226130653 2.0001833955159917E-6
0.6000000000000001 4.819095477386934 1.8860941757020812E-6
0.6000000000000001 4.8291457286432165 1.7733943790622515E-6
0.6000000000000001 4.839195979899498 1.6620570288910292E-6
0.6000000000000001 4.849246231155779 1.5520557237744858E-6
0.6000000000000001 4.85929648241206 1.4433646238940936E-6
0.6000000000000001 4.869346733668341 1.3359584376908997E-6
0.6000000000000001 4.8793969849246235 1.2298124088796157E-6
0.6000000000000001 4.889447236180905 1.1249023038025949E-6
0.6000000000000001 4.899497487437186 1.0212043991139554E-6
0.6000000000000001 4.909547738693467 9.186954697844149E-7
0.6000000000000001 4.919597989949748 8.173527774177045E-7
0.6000000000000001 4.9296482412060305 7.171540588696944E-7
0.6000000000000001 4.939698492462312 6.180775151616635E-7
0.6000000000000001 4.949748743718593 5.201018006793727E-7
0.6000000000000001 4.959798994974874 4.2320601264989834E-7
0.6000000000000001 4.969849246231155 3.273696808883956E-7
0.6000000000000001 4.9798994974874375 2.3257275780721707E-7
0.6000000000000001 4.989949748743719 1.3879560868004472E-7
0.6000000000000001 5.0 4.6019002153900934E-8
0.6000000000000001 5.010050251256281 -4.577589899785922E-8

0.4000000000000001 -0.005025125628140704 -0.003320435760515927
0.4000000000000001 0.005025125628140704 0.003320435760515927
0.4000000000000001 0.01507537688442211 0.0060240189627520325
0.4000000000000001 0.02512562814070352 0.008098709119413914
0.4000000000000001 0.035175879396984924 0.009955136545504062
0.4000000000000001 0.04522613065326633 0.011711889636467621
0.4000000000000001 0.05527638190954774 0.013423996186516797
0.4000000000000001 0.06532663316582915 0.015123211895386303
0.4000000000000001 0.07537688442211056 0.016830578493161476
0.4000000000000001 0.08542713567839195 0.01856151197069489
0.4000000000000001 0.09547738693467336 0.02032822406069662
0.4000000000000001 0.10552763819095477 0.02214101116581237
0.4000000000000001 0.11557788944723618 0.02400900098831648
0.4000000000000001 0.12562814070351758 0.025940615506598017
0.4000000000000001 0.135678391959799 0.02794387520030122
0.4000000000000001 0.1457286432160804 0.03002660959159324
0.4000000000000001 0.15577889447236182 0.03219661013483294
0.4000000000000001 0.1658291457286432 0.03446174644045922
0.4000000000000001 0.17587939698492464 0.03683005858538177
0.4000000000000001 0.18592964824120603 0.0393098335442581
0.4000000000000001 0.19597989949748745 0.041909670962766994
0.4000000000000001 0.20603015075376885 0.04463854175615186
0.4000000000000001 0.21608040201005024 0.04750584190748344
0.4000000000000001 0.22613065326633167 0.050521443110274955
0.4000000000000001 0.23618090452261306 0.05369574140422649
0.4000000000000001 0.24623115577889448 0.05703970460406111
0.4000000000000001 0.2562814070351759 0.06056491906591973
0.4000000000000001 0.2663316582914573 0.06428363613934734
0.4000000000000001 0.2763819095477387 0.0682088184929654
0.4000000000000001 0.2864321608040201 0.07235418636301794
0.4000000000000001 0.2964824120603015 0.07673426364505116
0.4000000000000001 0.3065326633165829 0.0813644236216681
0.4000000000000001 0.3165829145728643 0.08626093398686309
0.4000000000000001 0.32663316582914576 0.09144100068411408
0.4000000000000001 0.33668341708542715 0.09692280991586573
0.4000000000000001 0.34673366834170855 0.10272556750114017
0.4000000000000001 0.35678391959798994 0.10886953455052208
0.4000000000000001 0.36683417085427134 0.11537605818822959
0.4000000000000001 0.3768844221105528 0.12226759577357518
0.4000000000000001 0.3869346733668342 0.12956773075260103
0.4000000000000001 0.3969849246231156 0.1373011778983108
0.4000000000000001 0.40703517587939697 0.1454937752675352
0.4000000000000001 0.4170854271356784 0.15417245970646648
0.4000000000000001 0.4271356783919598 0.16336522216740654
0.4000000000000001 0.4371859296482412 0.17310103844839242
0.4000000000000001 0.4472361809045226 0.1834097702274761
0.4000000000000001 0.457286432160804 0.19432203042781931
0.4000000000000001 0.46733668341708545 0.2058690060132708
0.4000000000000001 0.47738693467336685 0.21808223027432552
0.4000000000000001 0.48743718592964824 0.23099329552313
0.4000000000000001 0.49748743718592964 0.24463349588156572
0.4000000000000001 0.507537688442211 0.25903338853556696
0.4000000000000001 0.5175879396984925 0.2742222604716055
0.4000000000000001 0.5276381909547738 0.2902274863553423
0.4000000000000001 0.5376884422110553 0.30707376192958563
0.4000000000000001 0.5477386934673367 0.3247821962034491
0.4000000000000001 0.5577889447236181 0.34336924492516036
0.4000000000000001 0.5678391959798995 0.3628454675834816
0.4000000000000001 0.577889447236181 0.3832140907494955
0.4000000000000001 0.5879396984924623 0.4044693623331983
0.4000000000000001 0.5979899497487438 0.42659468479826124
0.4000000000000001 0.6080402010050251 0.44956052122919554
0.4000000000000001 0.6180904522613065 0.4733220772648371
0.4000000000000001 0.628140703517588 0.4978167754549441
0.4000000000000001 0.6381909547738693 0.5229615580534547
0.4000000000000001 0.6482412060301508 0.5486500815425034
0.4000000000000001 0.6582914572864321 0.5747499037135935
0.4000000000000001 0.6683417085427136 0.6010998149779698
0.4000000000000001 0.678391959798995 0.6275075335653005
0.4000000000000001 0.6884422110552764 0.6537480741418609
0.4000000000000001 0.6984924623115578 0.6795632169572514
0.4000000000000001 0.7085427135678392 0.7046626569786478
0.4000000000000001 0.7185929648241206 0.728727608069338
0.4000000000000001 0.7286432160804021 0.7514178861420744
0.4000000000000001 0.7386934673366834 0.7723838090461096
0.4000000000000001 0.7487437185929648 0.7912846430777271
0.4000000000000001 0.7587939698492463 0.807815811351669
0.4000000000000001 0.7688442211055276 0.8217476740309178
0.4000000000000001 0.7788944723618091 0.8329794115305963
0.4000000000000001 0.7889447236180904 0.8416124061235504
0.4000000000000001 0.7989949748743719 0.8480485403309669
0.4000000000000001 0.8090452261306533 0.853120024376553
0.4000000000000001 0.8190954773869347 0.8582587366216324
0.4000000000000001 0.8291457286432161 0.86571460866031
0.4000000000000001 0.8391959798994975 0.8788342970872756
0.4000000000000001 0.8492462311557789 0.9024132274110552
0.4000000000000001 0.8592964824120604 0.9431360226543932
0.4000000000000001 0.8693467336683417 1.0101222662600509
0.4000000000000001 0.8793969849246231 1.1155963950449928
0.4000000000000001 0.8894472361809045 1.275702142983886
0.4000000000000001 0.8994974874371859 1.5114832017507287
0.4000000000000001 0.9095477386934674 1.850052445472285
0.4000000000000001 0.9195979899497487 2.325971984190802
0.4000000000000001 0.9296482412060302 2.9828652575515693
0.4000000000000001 0.9396984924623115 3.875280164155742
0.4000000000000001 0.949748743718593 5.070818683551353
0.4000000000000001 0.9597989949748744 6.65254348540935
0.4000000000000001 0.9698492462311558 8.721665614487701
0.4000000000000001 0.9798994974874372 11.40050957439838
0.4000000000000001 0.9899497487437187 14.835743210213039
0.4000000000000001 1.0 -79.77714380277828
0.4000000000000001 1.0100502512562815 14.851899639660942
0.4000000000000001 1.020100502512563 11.42376812339186
0.4000000000000001 1.0301507537688441 8.746581737521893
0.4000000000000001 1.0402010050251256 6.6762690635186726
0.4000000000000001 1.050251256281407 5.092258063393292
0.4000000000000001 1.0603015075376885 3.8944203909122557
0.4000000000000001 1.07035175879397 3.0002710602895934
0.4000000000000001 1.0804020100502514 2.342426934825461
0.4000000000000001 1.0904522613065326 1.8663228405668548
0.4000000000000001 1.100502512562814 1.5281796821429028
0.4000000000000001 1.1105527638190955 1.2932149550894785
0.4000000000000001 1.120603015075377 1.1340826758793467
0.4000000000000001 1.1306532663316584 1.029527093790285
0.4000000000000001 1.1407035175879396 0.9632326546727767
0.4000000000000001 1.150753768844221 0.9228515481638304
0.4000000000000001 1.1608040201005025 0.8991897341394568
0.4000000000000001 1.170854271356784 0.8855325247575409
0.4000000000000001 1.1809045226130654 0.8770914877358704
0.4000000000000001 1.1909547738693467 0.8705555177031166
0.4000000000000001 1.2010050251256281 0.8637302796227817
0.4000000000000001 1.2110552763819096 0.8552517542021569
0.4000000000000001 1.221105527638191 0.8443612166158763
0.4000000000000001 1.2311557788944725 0.8307305803799188
0.4000000000000001 1.2412060301507537 0.814328579027173
0.4000000000000001 1.2512562814070352 0.7953196974647974
0.4000000000000001 1.2613065326633166 0.7739890757165853
0.4000000000000001 1.271356783919598 0.7506877760235522
0.4000000000000001 1.2814070351758795 0.7257938259014174
0.4000000000000001 1.2914572864321607 0.6996853281476125
0.4000000000000001 1.3015075376884422 0.6727226725705056
0.4000000000000001 1.3115577889447236 0.6452375052534209
0.4000000000000001 1.321608040201005 0.6175266230352503
0.4000000000000001 1.3316582914572865 0.5898493776707142
0.4000000000000001 1.3417085427135678 0.5624275095792249
0.4000000000000001 1.3517587939698492 0.5354465980671838
0.4000000000000001 1.3618090452261307 0.5090585250638681
0.4000000000000001 1.3718592964824121 0.4833845130238883
0.4000000000000001 1.3819095477386936 0.4585184235957371
0.4000000000000001 1.3919597989949748 0.43453009946319177
0.4000000000000001 1.4020100502512562 0.4114686037177485
0.4000000000000001 1.4120603015075377 0.3893652643879151
0.4000000000000001 1.4221105527638191 0.36823647053948116
0.4000000000000001 1.4321608040201006 0.3480861940480314
0.4000000000000001 1.4422110552763818 0.3289082304163108
0.4000000000000001 1.4522613065326633 0.3106881649773546
0.4000000000000001 1.4623115577889447 0.29340507913521086
0.4000000000000001 1.4723618090452262 0.27703301621781684
0.4000000000000001 1.4824120603015076 0.2615422290201737
0.4000000000000001 1.4924623115577889 0.24690023193233376
0.4000000000000001 1.5025125628140703 0.233072680222614
0.4000000000000001 1.5125628140703518 0.22002409798494738
0.4000000000000001 1.5226130653266332 0.20771847475335048
0.4000000000000001 1.5326633165829147 0.19611974904525328
0.4000000000000001 1.542713567839196 0.1851921952650189
0.4000000000000001 1.5527638190954773 0.17490072857848496
0.4000000000000001 1.5628140703517588 0.1652111406233544
0.4000000000000001 1.5728643216080402 0.15609027728823052
0.4000000000000001 1.5829145728643217 0.14750616829657273
0.4000000000000001 1.5929648241206031 0.13942811697993132
0.4000000000000001 1.6030150753768844 0.1318267574179654
0.4000000000000001 1.6130653266331658 0.12467408505594083
0.4000000000000001 1.6231155778894473 0.11794346597509561
0.4000000000000001 1.6331658291457287 0.11160962917699312
0.4000000000000001 1.6432160804020102 0.10564864553844742
0.4000000000000001 1.6532663316582914 0.10003789648729976
0.4000000000000001 1.6633165829145728 0.09475603493013503
0.4000000000000001 1.6733668341708543 0.08978294052042435
0.4000000000000001 1.6834170854271358 0.08509967097986129
0.4000000000000001 1.6934673366834172 0.08068841086800956
0.4000000000000001 1.7035175879396984 0.07653241892785904
0.4000000000000001 1.7135678391959799 0.0726159749104704
0.4000000000000001 1.7236180904522613 0.06892432659436684
0.4000000000000001 1.7336683417085428 0.06544363755926859
0.4000000000000001 1.7437185929648242 0.0621609361444432
0.4000000000000001 1.7537688442211055 0.05906406591527093
0.4000000000000001 1.763819095477387 0.05614163787407144
0.4000000000000001 1.7738693467336684 0.05338298457978105
0.4000000000000001 1.7839195979899498 0.05077811628312141
0.4000000000000001 1.7939698492462313 0.04831767913725381
0.4000000000000001 1.8040201005025125 0.04599291550668521
0.4000000000000001 1.814070351758794 0.04379562636780195
0.4000000000000001 1.8241206030150754 0.041718135771502525
0.4000000000000001 1.8341708542713568 0.03975325732084505
0.4000000000000001 1.8442211055276383 0.03789426260347113
0.4000000000000001 1.8542713567839195 0.03613485150900704
0.4000000000000001 1.864321608040201 0.03446912435500547
0.4000000000000001 1.8743718592964824 0.032891555740720606
0.4000000000000001 1.8844221105527639 0.03139697004563052
0.4000000000000001 1.8944723618090453 0.02998051848875643
0.4000000000000001 1.9045226130653266 0.02863765766514573
0.4000000000000001 1.914572864321608 0.027364129477129205
0.4000000000000001 1.9246231155778895 0.026155942379909113
0.4000000000000001 1.934673366834171 0.02500935386350424
0.4000000000000001 1.9447236180904524 0.023920854095931147
0.4000000000000001 1.9547738693467338 0.022887150655610977
0.4000000000000001 1.964824120603015 0.02190515428427032
0.4000000000000001 1.9748743718592965 0.020971965594972095
0.4000000000000001 1.984924623115578 0.0200848626733098
0.4000000000000001 1.9949748743718594 0.01924128951317677
0.4000000000000001 2.0050251256281406 0.018438845231847804
0.4000000000000001 2.0150753768844223 0.01767527401235019
0.4000000000000001 2.0251256281407035 0.016948455724240773
0.4000000000000001 2.0351758793969847 0.01625639717692471
0.4000000000000001 2.0452261306532664 0.015597223962542924
0.4000000000000001 2.0552763819095476 0.014969172848213032
0.4000000000000001 2.0653266331658293 0.014370584680025946
0.4000000000000001 2.0753768844221105 0.013799897763682146
0.4000000000000001 2.0854271356783918 0.013255641688992665
0.4000000000000001 2.0954773869346734 0.012736431567678085
0.4000000000000001 2.1055276381909547 0.012240962655974026
0.4000000000000001 2.1155778894472363 0.011768005335499931
0.4000000000000001 2.1256281407035176 0.011316400427674251
0.4000000000000001 2.135678391959799 0.010885054818668251
0.4000000000000001 2.1457286432160805 0.010472937373488318
0.4000000000000001 2.1557788944723617 0.010079075119268983
0.4000000000000001 2.1658291457286434 0.00970254967925085
0.4000000000000001 2.1758793969849246 0.009342493940215746
0.4000000000000001 2.1859296482412063 0.008998088937360323
0.4000000000000001 2.1959798994974875 0.008668560941715269
0.4000000000000001 2.2060301507537687 0.008353178736264536
0.4000000000000001 2.2160804020100504 0.008051251067893766
0.4000000000000001 2.2261306532663316 0.0077621242632025375
0.4000000000000001 2.2361809045226133 0.007485179997057313
0.4000000000000001 2.2462311557788945 0.007219833203544214
0.4000000000000001 2.2562814070351758 0.006965530119707326
0.4000000000000001 2.2663316582914574 0.006721746453133606
0.4000000000000001 2.2763819095477387 0.006487985665071699
0.4000000000000001 2.2864321608040203 0.006263777361354505
0.4000000000000001 2.2964824120603016 0.006048675783935299
0.4000000000000001 2.306532663316583 0.005842258396349082
0.4000000000000001 2.3165829145728645 0.005644124556876317
0.4000000000000001 2.3266331658291457 0.005453894273618876
0.4000000000000001 2.3366834170854274 0.005271207036098945
0.4000000000000001 2.3467336683417086 0.005095720718364788
0.4000000000000001 2.35678391959799 0.004927110548932705
0.4000000000000001 2.3668341708542715 0.0047650681432163085
0.4000000000000001 2.3768844221105527 0.004609300594392082
0.4000000000000001 2.3869346733668344 0.004459529618927612
0.4000000000000001 2.3969849246231156 0.004315490753255999
0.4000000000000001 2.407035175879397 0.004176932598319093
0.4000000000000001 2.4170854271356785 0.004043616108924293
0.4000000000000001 2.4271356783919598 0.003915313925066114
0.4000000000000001 2.4371859296482414 0.003791809742555295
0.4000000000000001 2.4472361809045227 0.0036728977204768913
0.4000000000000001 2.457286432160804 0.0035583819231642063
0.4000000000000001 2.4673366834170856 0.003448075794529825
0.4000000000000001 2.477386934673367 0.0033418016627382438
0.4000000000000001 2.4874371859296485 0.0032393902733379846
0.4000000000000001 2.4974874371859297 0.0031406803490952456
0.4000000000000001 2.507537688442211 0.0030455181748865385
0.4000000000000001 2.5175879396984926 0.0029537572061153713
0.4000000000000001 2.527638190954774 0.002865257699218018
0.4000000000000001 2.5376884422110555 0.002779886362916766
0.4000000000000001 2.5477386934673367 0.0026975160289657743
0.4000000000000001 2.557788944723618 0.00261802534121557
0.4000000000000001 2.5678391959798996 0.0025412984618977522
0.4000000000000001 2.577889447236181 0.002467224794101537
0.4000000000000001 2.5879396984924625 0.0023956987194795097
0.4000000000000001 2.5979899497487438 0.0023266193502809495
0.4000000000000001 2.608040201005025 0.002259890294868134
0.4000000000000001 2.6180904522613067 0.0021954194359242664
0.4000000000000001 2.628140703517588 0.002133118720611252
0.4000000000000001 2.6381909547738696 0.0020729039619819456
0.4000000000000001 2.648241206030151 0.0020146946509947716
0.4000000000000001 2.658291457286432 0.001958413778519019
0.4000000000000001 2.6683417085427137 0.0019039876667569173
0.4000000000000001 2.678391959798995 0.00185134580954385
0.4000000000000001 2.6884422110552766 0.0018004207210210949
0.4000000000000001 2.698492462311558 0.001751147792206302
0.4000000000000001 2.708542713567839 0.0017034651550157619
0.4000000000000001 2.7185929648241207 0.0016573135533195398
0.4000000000000001 2.728643216080402 0.0016126362206357419
0.4000000000000001 2.7386934673366836 0.0015693787640938639
0.4000000000000001 2.748743718592965 0.0015274890543192782
0.4000000000000001 2.758793969849246 0.0014869171209116075
0.4000000000000001 2.7688442211055277 0.0014476150532091946
0.4000000000000001 2.778894472361809 0.001409536906049996
0.4000000000000001 2.7889447236180906 0.0013726386102563056
0.4000000000000001 2.798994974874372 0.001336877887586667
0.4000000000000001 2.809045226130653 0.0013022141699133153
0.4000000000000001 2.819095477386935 0.001268608522397516
0.4000000000000001 2.829145728643216 0.001236023570448377
0.4000000000000001 2.8391959798994977 0.0012044234302630128
0.4000000000000001 2.849246231155779 0.0011737736427576055
0.4000000000000001 2.85929648241206 0.0011440411107097586
0.4000000000000001 2.869346733668342 0.0011151940389427669
0.4000000000000001 2.879396984924623 0.0010872018773920567
0.4000000000000001 2.8894472361809047 0.0010600352669030437
0.4000000000000001 2.899497487437186 0.0010336659876181641
0.4000000000000001 2.909547738693467 0.001008066909818787
0.4000000000000001 2.919597989949749 9.83211947095222E-4
0.4000000000000001 2.92964824120603 9.590760117250676E-4
0.4000000000000001 2.9396984924623117 9.356349721468056E-4
0.4000000000000001 2.949748743718593 9.128656124217422E-4
0.4000000000000001 2.959798994974874 8.907455935833134E-4
0.4000000000000001 2.969849246231156 8.692534167782472E-4
0.4000000000000001 2.979899497487437 8.483683881093359E-4
0.4000000000000001 2.9899497487437188 8.280705850943984E-4
0.4000000000000001 3.0 8.083408246607211E-4
0.4000000000000001 3.0100502512562817 7.891606325985035E-4
0.4000000000000001 3.020100502512563 7.705122144010416E-4
0.4000000000000001 3.030150753768844 7.523784274231618E-4
0.4000000000000001 3.040201005025126 7.347427542931122E-4
0.4000000000000001 3.050251256281407 7.175892775165275E-4
0.4000000000000001 3.0603015075376887 7.009026552143237E-4
0.4000000000000001 3.07035175879397 6.84668097939459E-4
0.4000000000000001 3.080402010050251 6.688713465203568E-4
0.4000000000000001 3.090452261306533 6.53498650881518E-4
0.4000000000000001 3.100502512562814 6.385367497944268E-4
0.4000000000000001 3.1105527638190957 6.239728515142834E-4
0.4000000000000001 3.120603015075377 6.097946152603732E-4
0.4000000000000001 3.130653266331658 5.959901335000726E-4
0.4000000000000001 3.14070351758794 5.825479149985247E-4
0.4000000000000001 3.150753768844221 5.69456868597955E-4
0.4000000000000001 3.1608040201005028 5.567062876924291E-4
0.4000000000000001 3.170854271356784 5.442858353655899E-4
0.4000000000000001 3.180904522613065 5.321855301605337E-4
0.4000000000000001 3.190954773869347 5.203957324525474E-4
0.4000000000000001 3.201005025125628 5.089071313968926E-4
0.4000000000000001 3.21105527638191 4.977107324251878E-4
0.4000000000000001 3.221105527638191 4.8679784526528617E-4
0.4000000000000001 3.2311557788944723 4.7616007246076053E-4
0.4000000000000001 3.241206030150754 4.657892983672936E-4
0.4000000000000001 3.251256281407035 4.5567767860439233E-4
0.4000000000000001 3.261306532663317 4.4581762994188754E-4
0.4000000000000001 3.271356783919598 4.362018206016903E-4
0.4000000000000001 3.2814070351758793 4.2682316095622307E-4
0.4000000000000001 3.291457286432161 4.1767479460583663E-4
0.4000000000000001 3.301507537688442 4.0875008981838243E-4
0.4000000000000001 3.311557788944724 4.0004263131491785E-4
0.4000000000000001 3.321608040201005 3.9154621238628065E-4
0.4000000000000001 3.3316582914572863 3.832548273260034E-4
0.4000000000000001 3.341708542713568 3.751626641657294E-4
0.4000000000000001 3.351758793969849 3.672640976999395E-4
0.4000000000000001 3.361809045226131 3.595536827874234E-4
0.4000000000000001 3.371859296482412 3.5202614791752856E-4
0.4000000000000001 3.3819095477386933 3.4467638902975863E-4
0.4000000000000001 3.391959798994975 3.374994635758509E-4
0.4000000000000001 3.4020100502512562 3.3049058481395E-4
0.4000000000000001 3.412060301507538 3.236451163249795E-4
0.4000000000000001 3.422110552763819 3.1695856674177525E-4
0.4000000000000001 3.4321608040201004 3.104265846819697E-4
0.4000000000000001 3.442211055276382 3.040449538760382E-4
0.4000000000000001 3.4522613065326633 2.978095884822995E-4
0.4000000000000001 3.462311557788945 2.9171652858104474E-4
0.4000000000000001 3.472361809045226 2.8576193584032146E-4
0.4000000000000001 3.4824120603015074 2.79942089346233E-4
0.4000000000000001 3.492462311557789 2.7425338159093866E-4
0.4000000000000001 3.5025125628140703 2.686923146118475E-4
0.4000000000000001 3.512562814070352 2.632554962757781E-4
0.4000000000000001 3.522613065326633 2.579396367021541E-4
0.4000000000000001 3.5326633165829144 2.527415448195436E-4
0.4000000000000001 3.542713567839196 2.476581250501259E-4
0.4000000000000001 3.5527638190954773 2.4268637411688977E-4
0.4000000000000001 3.562814070351759 2.378233779686041E-4
0.4000000000000001 3.5728643216080402 2.3306630881782004E-4
0.4000000000000001 3.5829145728643215 2.2841242228736482E-4
0.4000000000000001 3.592964824120603 2.2385905466098686E-4
0.4000000000000001 3.6030150753768844 2.1940362023400542E-4
0.4000000000000001 3.613065326633166 2.150436087599856E-4
0.4000000000000001 3.6231155778894473 2.10776582989642E-4
0.4000000000000001 3.6331658291457285 2.0660017629833065E-4
0.4000000000000001 3.64321608040201 2.0251209039864553E-4
0.4000000000000001 3.6532663316582914 1.9851009313478674E-4
0.4000000000000001 3.663316582914573 1.945920163555031E-4
0.4000000000000001 3.6733668341708543 1.9075575386255701E-4
0.4000000000000001 3.6834170854271355 1.8699925943177563E-4
0.4000000000000001 3.693467336683417 1.8332054490388723E-4
0.4000000000000001 3.7035175879396984 1.7971767834245214E-4
0.4000000000000001 3.71356783919598 1.7618878225630975E-4
0.4000000000000001 3.7236180904522613 1.7273203188407712E-4
0.4000000000000001 3.7336683417085426 1.693456535383278E-4
0.4000000000000001 3.7437185929648242 1.6602792300718348E-4
0.4000000000000001 3.7537688442211055 1.62777164011144E-4
0.4000000000000001 3.763819095477387 1.5959174671306779E-4
0.4000000000000001 3.7738693467336684 1.5647008627930225E-4
0.4000000000000001 3.7839195979899496 1.534106414900455E-4
0.4000000000000001 3.7939698492462313 1.5041191339709787E-4
0.4000000000000001 3.8040201005025125 1.4747244402723637E-4
0.4000000000000001 3.814070351758794 1.4459081512951775E-4
0.4000000000000001 3.8241206030150754 1.4176564696488194E-4
0.4000000000000001 3.8341708542713566 1.3899559713649514E-4
0.4000000000000001 3.8442211055276383 1.3627935945933377E-4
0.4000000000000001 3.8542713567839195 1.336156628675697E-4
0.4000000000000001 3.864321608040201 1.31003270358373E-4
0.4000000000000001 3.8743718592964824 1.2844097797080805E-4
0.4000000000000001 3.884422110552764 1.2592761379854564E-4
0.4000000000000001 3.8944723618090453 1.2346203703516746E-4
0.4000000000000001 3.9045226130653266 1.2104313705088625E-4
0.4000000000000001 3.9145728643216082 1.1866983249955073E-4
0.4000000000000001 3.9246231155778895 1.1634107045485017E-4
0.4000000000000001 3.934673366834171 1.1405582557467204E-4
0.4000000000000001 3.9447236180904524 1.1181309929261247E-4
0.4000000000000001 3.9547738693467336 1.0961191903567108E-4
0.4000000000000001 3.9648241206030153 1.0745133746720533E-4
0.4000000000000001 3.9748743718592965 1.0533043175425124E-4
0.4000000000000001 3.984924623115578 1.0324830285835153E-4
0.4000000000000001 3.9949748743718594 1.0120407484906926E-4
0.4000000000000001 4.005025125628141 9.919689423938887E-5
0.4000000000000001 4.015075376884422 9.722592934224538E-5
0.4000000000000001 4.025125628140704 9.529036964744395E-5
0.4000000000000001 4.035175879396985 9.33894252182648E-5
0.4000000000000001 4.045226130653266 9.152232610707098E-5
0.4000000000000001 4.055276381909548 8.968832178926735E-5
0.4000000000000001 4.065326633165829 8.788668061497687E-5
0.4000000000000001 4.075376884422111 8.611668927782962E-5
0.4000000000000001 4.085427135678392 8.437765230027981E-5
0.4000000000000001 4.0954773869346734 8.266889153488696E-5
0.4000000000000001 4.105527638190955 8.098974568102091E-5
0.4000000000000001 4.115577889447236 7.93395698164679E-5
0.4000000000000001 4.125628140703518 7.771773494343454E-5
0.4000000000000001 4.135678391959799 7.612362754846662E-5
0.4000000000000001 4.1457286432160805 7.455664917581431E-5
0.4000000000000001 4.155778894472362 7.301621601379577E-5
0.4000000000000001 4.165829145728643 7.150175849372447E-5
0.4000000000000001 4.175879396984925 7.001272090098342E-5
0.4000000000000001 4.185929648241206 6.854856099784297E-5
0.4000000000000001 4.1959798994974875 6.71087496576345E-5
0.4000000000000001 4.206030150753769 6.569277050990574E-5
0.4000000000000001 4.21608040201005 6.430011959619663E-5
0.4000000000000001 4.226130653266332 6.293030503608794E-5
0.4000000000000001 4.236180904522613 6.158284670318717E-5
0.4000000000000001 4.2462311557788945 6.02572759107274E-5
0.4000000000000001 4.256281407035176 5.895313510646793E-5
0.4000000000000001 4.266331658291457 5.766997757659438E-5
0.4000000000000001 4.276381909547739 5.640736715832853E-5
0.4000000000000001 4.28643216080402 5.5164877960966354E-5
0.4000000000000001 4.296482412060302 5.394209409507475E-5
0.4000000000000001 4.306532663316583 5.2738609409585026E-5
0.4000000000000001 4.316582914572864 5.155402723653129E-5
0.4000000000000001 4.326633165829146 5.038796014318984E-5
0.4000000000000001 4.336683417085427 4.924002969138566E-5
0.4000000000000001 4.346733668341709 4.8109866203737816E-5
0.4000000000000001 4.35678391959799 4.699710853662556E-5
0.4000000000000001 4.366834170854271 4.590140385966342E-5
0.4000000000000001 4.376884422110553 4.4822407441480374E-5
0.4000000000000001 4.386934673366834 4.375978244160683E-5
0.4000000000000001 4.396984924623116 4.271319970827739E-5
0.4000000000000001 4.407035175879397 4.1682337581966265E-5
0.4000000000000001 4.417085427135678 4.066688170447697E-5
0.4000000000000001 4.42713567839196 3.966652483341415E-5
0.4000000000000001 4.437185929648241 3.868096666187172E-5
0.4000000000000001 4.447236180904523 3.770991364317637E-5
0.4000000000000001 4.457286432160804 3.675307882053134E-5
0.4000000000000001 4.467336683417085 3.581018166141043E-5
0.4000000000000001 4.477386934673367 3.4880947896557014E-5
0.4000000000000001 4.4874371859296485 3.3965109363448E-5
0.4000000000000001 4.49748743718593 3.306240385408693E-5
0.4000000000000001 4.507537688442211 3.217257496699498E-5
0.4000000000000001 4.517587939698492 3.129537196327352E-5
0.4000000000000001 4.527638190954774 3.043054962661493E-5
0.4000000000000001 4.5376884422110555 2.957786812714335E-5
0.4000000000000001 4.547738693467337 2.8737092888970522E-5
0.4000000000000001 4.557788944723618 2.7907994461355836E-5
0.4000000000000001 4.567839195979899 2.709034839336275E-5
0.4000000000000001 4.577889447236181 2.6283935111907906E-5
0.4000000000000001 4.5879396984924625 2.5488539803102486E-5
0.4000000000000001 4.597989949748744 2.4703952296787874E-5
0.4000000000000001 4.608040201005025 2.3929966954172064E-5
0.4000000000000001 4.618090452261306 2.316638255847513E-5
0.4000000000000001 4.628140703517588 2.2413002208495645E-5
0.4000000000000001 4.63819095477387 2.1669633215012633E-5
0.4000000000000001 4.648241206030151 2.093608699993988E-5
0.4000000000000001 4.658291457286432 2.0212178998153196E-5
0.4000000000000001 4.668341708542713 1.949772856191219E-5
0.4000000000000001 4.678391959798995 1.8792558867802082E-5
0.4000000000000001 4.688442211055277 1.8096496826122314E-5
0.4000000000000001 4.698492462311558 1.7409372992651697E-5
0.4000000000000001 4.708542713567839 1.6731021482721665E-5
0.4000000000000001 4.71859296482412 1.6061279887531545E-5
0.4000000000000001 4.728643216080402 1.539998919264166E-5
0.4000000000000001 4.738693467336684 1.4746993698582296E-5
0.4000000000000001 4.748743718592965 1.4102140943518077E-5
0.4000000000000001 4.758793969849246 1.3465281627909743E-5
0.4000000000000001 4.768844221105527 1.2836269541116571E-5
0.4000000000000001 4.778894472361809 1.2214961489884716E-5
0.4000000000000001 4.788944723618091 1.160121722866841E-5
0.4000000000000001 4.798994974874372 1.099489939173241E-5
0.4000000000000001 4.809045226130653 1.0395873426985935E-5
0.4000000000000001 4.819095477386934 9.80400753149962E-6
0.4000000000000001 4.8291457286432165 9.219172588658526E-6
0.4000000000000001 4.839195979899498 8.641242106905766E-6
0.4000000000000001 4.849246231155779 8.070092160032644E-6
0.4000000000000001 4.85929648241206 7.5056013289724E-6
0.4000000000000001 4.869346733668341 6.947650645056186E-6
0.4000000000000001 4.8793969849246235 6.396123534690924E-6
0.4000000000000001 4.889447236180905 5.850905765420008E-6
0.4000000000000001 4.899497487437186 5.3118853933289865E-6
0.4000000000000001 4.909547738693467 4.7789527117593985E-6
0.4000000000000001 4.919597989949748 4.252000201295182E-6
0.4000000000000001 4.9296482412060305 3.7309224809869517E-6
0.4000000000000001 4.939698492462312 3.2156162607806466E-6
0.4000000000000001 4.949748743718593 2.705980295117842E-6
0.4000000000000001 4.959798994974874 2.2019153376761916E-6
0.4000000000000001 4.969849246231155 1.7033240972192159E-6
0.4000000000000001 4.9798994974874375 1.2101111945256507E-6
0.4000000000000001 4.989949748743719 7.221831203694383E-7
0.4000000000000001 5.0 2.394481945222075E-7
0.4000000000000001 5.010050251256281 -2.3818347424898307E-7
