SpaceSteps TimeSteps Scheme Price PriceError Vol Error Time
500 2 CN 1.3508e-01 1.5e-02 0.34023 3.7e-02  2.6e-04
500 2 RAN 1.4604e-01 3.6e-03 0.36813 9.1e-03  3.1e-04
500 2 LMG2 1.4900e-01 6.2e-04 0.37569 1.6e-03  3.2e-04
500 2 LMG3 1.4947e-01 1.5e-04 0.37689 3.8e-04  4.0e-04
500 2 RE 1.5897e-01 9.3e-03 0.40115 2.4e-02  3.5e-04
500 5 CN 1.5539e-01 5.8e-03 0.39199 1.5e-02  3.1e-04
500 5 RAN 1.4920e-01 4.2e-04 0.37619 1.1e-03  3.5e-04
500 5 LMG2 1.6592e-01 1.6e-02 0.41894 4.2e-02  5.2e-04
500 5 LMG3 1.4960e-01 2.4e-05 0.37721 6.0e-05  6.4e-04
500 5 RE 1.5010e-01 4.8e-04 0.37849 1.2e-03  6.0e-04
500 10 CN 1.4744e-01 2.2e-03 0.37171 5.6e-03  4.9e-04
500 10 RAN 1.4952e-01 1.1e-04 0.37700 2.7e-04  5.5e-04
500 10 LMG2 1.4957e-01 5.4e-05 0.37713 1.4e-04  8.6e-04
500 10 LMG3 1.4962e-01 4.5e-06 0.37726 1.2e-05  1.2e-03
500 10 RE 1.4098e-01 8.6e-03 0.35524 2.2e-02  9.7e-04
500 20 CN 1.4905e-01 5.7e-04 0.37582 1.5e-03  7.2e-04
500 20 RAN 1.4960e-01 2.6e-05 0.37720 6.7e-05  8.0e-04
500 20 LMG2 1.4961e-01 1.6e-05 0.37723 4.1e-05  1.5e-03
500 20 LMG3 1.4962e-01 7.7e-07 0.37727 2.0e-06  2.1e-03
500 20 RE 1.4975e-01 1.3e-04 0.37761 3.4e-04  1.7e-03
500 40 CN 1.4959e-01 3.2e-05 0.37719 8.2e-05  1.3e-03
500 40 RAN 1.4962e-01 6.6e-06 0.37725 1.7e-05  1.5e-03
500 40 LMG2 1.5173e-01 2.1e-03 0.38265 5.4e-03  2.9e-03
500 40 LMG3 1.4962e-01 1.7e-07 0.37727 4.3e-07  4.2e-03
500 40 RE 1.5179e-01 2.2e-03 0.38282 5.5e-03  3.4e-03
500 80 CN 1.4962e-01 5.0e-07 0.37727 1.3e-06  2.7e-03
500 80 RAN 1.4962e-01 1.7e-06 0.37727 4.4e-06  2.6e-03
500 80 LMG2 1.5068e-01 1.1e-03 0.37997 2.7e-03  5.2e-03
500 80 LMG3 1.4962e-01 8.8e-08 0.37727 2.2e-07  8.4e-03
500 80 RE 1.4963e-01 3.4e-06 0.37728 8.7e-06  6.4e-03
500 160 CN 1.4962e-01 6.9e-08 0.37727 1.8e-07  4.7e-03
500 160 RAN 1.4962e-01 4.8e-07 0.37727 1.2e-06  4.7e-03
500 160 LMG2 1.4962e-01 3.7e-07 0.37727 9.4e-07  1.0e-02
500 160 LMG3 1.4962e-01 7.9e-08 0.37727 2.0e-07  1.6e-02
500 160 RE 1.4909e-01 5.3e-04 0.37592 1.4e-03  1.3e-02
500 320 CN 1.4962e-01 4.2e-08 0.37727 1.1e-07  9.4e-03
500 320 RAN 1.4962e-01 1.8e-07 0.37727 4.6e-07  9.3e-03
500 320 LMG2 1.4962e-01 1.5e-07 0.37727 3.9e-07  2.0e-02
500 320 LMG3 1.4962e-01 7.8e-08 0.37727 2.0e-07  3.2e-02
500 320 RE 1.4962e-01 4.6e-07 0.37727 1.2e-06  3.2e-02
500 640 CN 1.4962e-01 6.9e-08 0.37727 1.8e-07  1.8e-02
500 640 RAN 1.4962e-01 1.0e-07 0.37727 2.6e-07  1.8e-02
500 640 LMG2 1.4975e-01 1.3e-04 0.37761 3.4e-04  4.0e-02
500 640 LMG3 1.4962e-01 7.8e-08 0.37727 2.0e-07  6.4e-02
500 640 RE 1.4975e-01 1.3e-04 0.37761 3.4e-04  5.2e-02
500 1280 CN 1.4962e-01 7.6e-08 0.37727 1.9e-07  3.6e-02
500 1280 RAN 1.4962e-01 8.5e-08 0.37727 2.2e-07  3.6e-02
500 1280 LMG2 1.4969e-01 6.6e-05 0.37744 1.7e-04  7.9e-02
500 1280 LMG3 1.4962e-01 7.8e-08 0.37727 2.0e-07  1.3e-01
500 1280 RE 1.4962e-01 6.4e-08 0.37727 1.6e-07  1.1e-01