SpaceSteps TimeSteps Scheme MaxError F Time
500 1 CN 4.3e+01 0.0250 4.4e-04
500 2 CN 4.2e+01 0.0250 4.3e-04
500 3 CN 4.1e+01 0.0250 4.2e-04
500 4 CN 4.0e+01 0.0250 4.4e-04
500 5 CN 3.9e+01 0.0250 4.7e-04
500 6 CN 3.9e+01 0.0250 5.1e-04
500 7 CN 3.8e+01 0.0250 5.5e-04
500 8 CN 3.7e+01 0.0250 5.6e-04
500 9 CN 3.6e+01 0.0250 6.6e-04
500 10 CN 3.5e+01 0.0250 6.3e-04
500 20 CN 2.7e+01 0.0250 9.3e-04
500 40 CN 1.4e+01 0.0250 1.5e-03
500 80 CN 2.2e+00 0.0250 2.9e-03
500 160 CN 3.9e-03 0.0250 5.3e-03
500 320 CN 1.9e-06 0.0234 1.0e-02
500 640 CN 2.2e-06 0.0236 2.0e-02
500 1280 CN 2.2e-06 0.0236 4.0e-02
500 1 RAN 4.3e-02 0.0248 5.0e-04
500 2 RAN 1.8e-02 0.0243 5.1e-04
500 3 RAN 5.6e-03 0.0176 4.8e-04
500 4 RAN 3.6e-03 0.0243 5.1e-04
500 5 RAN 2.2e-03 0.0198 5.4e-04
500 6 RAN 1.6e-03 0.0243 5.6e-04
500 7 RAN 1.1e-03 0.0208 6.1e-04
500 8 RAN 8.8e-04 0.0243 6.5e-04
500 9 RAN 7.0e-04 0.0215 6.6e-04
500 10 RAN 5.7e-04 0.0245 7.8e-04
500 20 RAN 1.5e-04 0.0217 1.1e-03
500 40 RAN 3.9e-05 0.0229 1.7e-03
500 80 RAN 1.1e-05 0.0227 2.9e-03
500 160 RAN 4.5e-06 0.0232 5.2e-03
500 320 RAN 2.8e-06 0.0234 1.0e-02
500 640 RAN 2.4e-06 0.0236 2.0e-02
500 1280 RAN 2.3e-06 0.0236 3.9e-02
500 1 LMG2 4.6e-02 0.0250 4.9e-04
500 2 LMG2 4.3e-03 0.0250 5.7e-04
500 3 LMG2 2.0e-03 0.0232 5.7e-04
500 4 LMG2 1.3e-03 0.0241 7.0e-04
500 5 LMG2 9.6e-04 0.0241 7.5e-04
500 6 LMG2 7.3e-04 0.0241 8.4e-04
500 7 LMG2 5.7e-04 0.0243 9.2e-04
500 8 LMG2 4.6e-04 0.0243 1.0e-03
500 9 LMG2 3.8e-04 0.0243 1.1e-03
500 10 LMG2 3.2e-04 0.0243 1.2e-03
500 20 LMG2 9.6e-05 0.0245 2.0e-03
500 40 LMG2 2.8e-05 0.0245 3.8e-03
500 80 LMG2 9.1e-06 0.0245 7.1e-03
500 160 LMG2 4.0e-06 0.0243 1.4e-02
500 320 LMG2 2.7e-06 0.0238 2.8e-02
500 640 LMG2 2.3e-06 0.0236 5.6e-02
500 1280 LMG2 2.3e-06 0.0236 1.1e-01
500 1 LMG3 4.7e-02 0.0250 5.6e-04
500 2 LMG3 2.6e-03 0.0250 6.8e-04
500 3 LMG3 1.0e-03 0.0243 8.0e-04
500 4 LMG3 5.8e-04 0.0241 9.2e-04
500 5 LMG3 3.8e-04 0.0241 1.1e-03
500 6 LMG3 2.6e-04 0.0241 1.2e-03
500 7 LMG3 2.0e-04 0.0241 1.4e-03
500 8 LMG3 1.5e-04 0.0241 1.5e-03
500 9 LMG3 1.2e-04 0.0241 1.6e-03
500 10 LMG3 9.6e-05 0.0241 1.9e-03
500 20 LMG3 2.5e-05 0.0241 3.3e-03
500 40 LMG3 7.5e-06 0.0238 6.1e-03
500 80 LMG3 3.5e-06 0.0236 1.2e-02
500 160 LMG3 2.5e-06 0.0236 2.3e-02
500 320 LMG3 2.3e-06 0.0236 4.6e-02
500 640 LMG3 2.2e-06 0.0236 9.2e-02
500 1280 LMG3 2.2e-06 0.0236 1.8e-01
500 1 LS 2.1e-01 0.0250 4.8e-04
500 2 LS 2.7e-02 0.0250 5.1e-04
500 3 LS 6.2e-03 0.0250 5.4e-04
500 4 LS 1.0e-03 0.0305 5.9e-04
500 5 LS 5.3e-04 0.0250 6.4e-04
500 6 LS 2.1e-04 0.0284 6.8e-04
500 7 LS 1.7e-04 0.0252 7.3e-04
500 8 LS 1.2e-04 0.0255 8.3e-04
500 9 LS 9.6e-05 0.0252 8.9e-04
500 10 LS 7.7e-05 0.0252 9.3e-04
500 20 LS 1.7e-05 0.0252 1.5e-03
500 40 LS 2.9e-06 0.0056 2.7e-03
500 80 LS 1.3e-06 0.0154 5.0e-03
500 160 LS 1.9e-06 0.0232 9.7e-03
500 320 LS 2.1e-06 0.0236 1.9e-02
500 640 LS 2.2e-06 0.0236 3.8e-02
500 1280 LS 2.2e-06 0.0236 7.6e-02
500 1 TRBDF2 3.5e-01 0.0250 4.8e-04
500 2 TRBDF2 4.4e-02 0.0250 5.1e-04
500 3 TRBDF2 1.0e-02 0.0250 5.3e-04
500 4 TRBDF2 1.8e-03 0.0193 5.7e-04
500 5 TRBDF2 9.3e-04 0.0250 6.7e-04
500 6 TRBDF2 3.9e-04 0.0210 7.1e-04
500 7 TRBDF2 3.1e-04 0.0248 7.5e-04
500 8 TRBDF2 2.2e-04 0.0245 8.3e-04
500 9 TRBDF2 1.8e-04 0.0248 8.9e-04
500 10 TRBDF2 1.4e-04 0.0248 9.4e-04
500 20 TRBDF2 3.4e-05 0.0248 1.6e-03
500 40 TRBDF2 6.7e-06 0.0248 2.7e-03
500 80 TRBDF2 7.6e-07 0.0080 5.1e-03
500 160 TRBDF2 1.7e-06 0.0232 1.0e-02
500 320 TRBDF2 2.1e-06 0.0236 2.0e-02
500 640 TRBDF2 2.2e-06 0.0236 3.9e-02
500 1280 TRBDF2 2.2e-06 0.0236 7.8e-02
500 1 TRBDF3 6.6e-01 0.0250 5.5e-04
500 2 TRBDF3 1.1e-01 0.0250 5.2e-04
500 3 TRBDF3 2.3e-02 0.0250 6.3e-04
500 4 TRBDF3 5.1e-03 0.0250 7.1e-04
500 5 TRBDF3 1.1e-03 0.0250 7.8e-04
500 6 TRBDF3 2.6e-04 0.0217 9.6e-04
500 7 TRBDF3 9.3e-05 0.0220 9.9e-04
500 8 TRBDF3 4.5e-05 0.0222 1.2e-03
500 9 TRBDF3 2.9e-05 0.0225 1.2e-03
500 10 TRBDF3 2.2e-05 0.0232 1.2e-03
500 20 TRBDF3 4.1e-06 0.0250 2.2e-03
500 40 TRBDF3 7.7e-07 0.0146 4.2e-03
500 80 TRBDF3 1.8e-06 0.0234 8.0e-03
500 160 TRBDF3 2.1e-06 0.0236 1.5e-02
500 320 TRBDF3 2.2e-06 0.0236 3.1e-02
500 640 TRBDF3 2.2e-06 0.0236 6.1e-02
500 1280 TRBDF3 2.2e-06 0.0236 1.2e-01
500 1 RE 4.6e-02 0.0250 5.9e-04
500 2 RE 6.7e-03 0.0250 5.4e-04
500 3 RE 3.1e-03 0.0107 6.1e-04
500 4 RE 1.9e-03 0.0092 7.5e-04
500 5 RE 1.3e-03 0.0085 8.6e-04
500 6 RE 9.4e-04 0.0080 9.6e-04
500 7 RE 7.1e-04 0.0077 1.0e-03
500 8 RE 5.5e-04 0.0073 1.0e-03
500 9 RE 4.4e-04 0.0073 1.1e-03
500 10 RE 3.6e-04 0.0070 1.2e-03
500 20 RE 9.5e-05 0.0066 2.0e-03
500 40 RE 2.4e-05 0.0068 3.8e-03
500 80 RE 6.4e-06 0.0075 7.3e-03
500 160 RE 2.2e-06 0.0131 1.4e-02
500 320 RE 2.1e-06 0.0227 2.8e-02
500 640 RE 2.2e-06 0.0234 5.5e-02
500 1280 RE 2.2e-06 0.0236 1.1e-01